###2023-12-09 10:46:32.397482$GPGSV,1,1,0,,,,,,,,,,,,,,,,*49
###2023-12-09 10:46:32.398411$GNVTG,,,,,,,,,*60
###2023-12-09 10:46:32.399278$GNGST,,,,,,,,*49
###2023-12-09 10:46:32.400052$GNZDA,,,,,,*56
###2023-12-09 10:46:32.400849$GNEBP,,,,,,M*13
###2023-12-09 10:46:32.593797$GNGGA,,,,,,,,,,,,,,*48
###2023-12-09 10:46:32.793177$GNGGA,,,,,,,,,,,,,,*48
###2023-12-09 10:46:32.992451$GNGGA,,,,,,,,,,,,,,*48
###2023-12-09 10:46:33.192555$GNGGA,,,,,,,,,,,,,,*48
###2023-12-09 10:46:33.393406$GNRMC,,,,,,,,,,,,*55
###2023-12-09 10:46:33.394504$GNGGA,,,,,,,,,,,,,,*48
###2023-12-09 10:46:33.395578$GPGSA,A,1,,,,,,,,,,,,,,,*1E
###2023-12-09 10:46:33.396719$GPGSV,1,1,0,,,,,,,,,,,,,,,,*49
###2023-12-09 10:46:33.397444$GNVTG,,,,,,,,,*60
###2023-12-09 10:46:33.398130$GNGST,,,,,,,,*49
###2023-12-09 10:46:33.398746$GNZDA,,,,,,*56
###2023-12-09 10:46:33.399412$GNEBP,,,,,,M*13
###2023-12-09 10:46:33.593237$GNGGA,,,,,,,,,,,,,,*48
###2023-12-09 10:46:33.793316$GNGGA,,,,,,,,,,,,,,*48
###2023-12-09 10:46:33.991537$GNGGA,,,,,,,,,,,,,,*48
###2023-12-09 10:46:34.193180$GNGGA,,,,,,,,,,,,,,*48
###2023-12-09 10:46:34.393619$GNRMC,,,,,,,,,,,,*55
###2023-12-09 10:46:34.395066$GNGGA,,,,,,,,,,,,,,*48
###2023-12-09 10:46:34.396384$GPGSA,A,1,,,,,,,,,,,,,,,*1E
###2023-12-09 10:46:34.397803$GPGSV,1,1,0,,,,,,,,,,,,,,,,*49
###2023-12-09 10:46:34.398711$GNVTG,,,,,,,,,*60
###2023-12-09 10:46:34.399582$GNGST,,,,,,,,*49
###2023-12-09 10:46:34.400365$GNZDA,,,,,,*56
###2023-12-09 10:46:34.401174$GNEBP,,,,,,M*13
###2023-12-09 10:46:34.594833$GNGGA,,,,,,,,,,,,,,*48
###2023-12-09 10:46:34.794689$GNGGA,,,,,,,,,,,,,,*48
###2023-12-09 10:46:34.995164$GNGGA,,,,,,,,,,,,,,*48
###2023-12-09 10:46:35.193538$GNGGA,,,,,,,,,,,,,,*48
###2023-12-09 10:46:35.393530$GNRMC,,,,,,,,,,,,*55
###2023-12-09 10:46:35.394634$GNGGA,,,,,,,,,,,,,,*48
###2023-12-09 10:46:35.395747$GPGSA,A,1,,,,,,,,,,,,,,,*1E
###2023-12-09 10:46:35.396903$GPGSV,1,1,0,,,,,,,,,,,,,,,,*49
###2023-12-09 10:46:35.397660$GNVTG,,,,,,,,,*60
###2023-12-09 10:46:35.398351$GNGST,,,,,,,,*49
###2023-12-09 10:46:35.398986$GNZDA,,,,,,*56
###2023-12-09 10:46:35.399640$GNEBP,,,,,,M*13
###2023-12-09 10:46:35.593328$GNGGA,,,,,,,,,,,,,,*48
###2023-12-09 10:46:35.793370$GNGGA,,,,,,,,,,,,,,*48
###2023-12-09 10:46:35.992518$GNGGA,,,,,,,,,,,,,,*48
###2023-12-09 10:46:36.194957$GNGGA,,,,,,,,,,,,,,*48
###2023-12-09 10:46:36.393845$GNRMC,,,,,,,,,,,,*55
###2023-12-09 10:46:36.395258$GNGGA,,,,,,,,,,,,,,*48
###2023-12-09 10:46:36.396754$GPGSA,A,1,,,,,,,,,,,,,,,*1E
###2023-12-09 10:46:36.398348$GPGSV,1,1,0,,,,,,,,,,,,,,,,*49
###2023-12-09 10:46:36.399444$GNVTG,,,,,,,,,*60
###2023-12-09 10:46:36.400479$GNGST,,,,,,,,*49
###2023-12-09 10:46:36.401688$GNZDA,,,,,,*56
###2023-12-09 10:46:36.402698$GNEBP,,,,,,M*13
###2023-12-09 10:46:36.593566$GNGGA,,,,,,,,,,,,,,*48
###2023-12-09 10:46:36.805343$GNGGA,,,,,,,,,,,,,,*48
###2023-12-09 10:46:36.992470$GNGGA,,,,,,,,,,,,,,*48
###2023-12-09 10:46:37.192500$GNGGA,,,,,,,,,,,,,,*48
###2023-12-09 10:46:37.393547$GNRMC,,,,,,,,,,,,*55
###2023-12-09 10:46:37.394666$GNGGA,,,,,,,,,,,,,,*48
###2023-12-09 10:46:37.395900$GPGSA,A,1,,,,,,,,,,,,,,,*1E
###2023-12-09 10:46:37.397195$GPGSV,1,1,0,,,,,,,,,,,,,,,,*49
###2023-12-09 10:46:37.398065$GNVTG,,,,,,,,,*60
###2023-12-09 10:46:37.398908$GNGST,,,,,,,,*49
###2023-12-09 10:46:37.399679$GNZDA,,,,,,*56
###2023-12-09 10:46:37.400470$GNEBP,,,,,,M*13
###2023-12-09 10:46:37.593399$GNGGA,,,,,,,,,,,,,,*48
###2023-12-09 10:46:37.793374$GNGGA,,,,,,,,,,,,,,*48
###2023-12-09 10:46:37.992477$GNGGA,,,,,,,,,,,,,,*48
###2023-12-09 10:46:38.193228$GNGGA,,,,,,,,,,,,,,*48
###2023-12-09 10:46:38.393500$GNRMC,,,,,,,,,,,,*55
###2023-12-09 10:46:38.394413$GNGGA,,,,,,,,,,,,,,*48
###2023-12-09 10:46:38.395503$GPGSA,A,1,,,,,,,,,,,,,,,*1E
###2023-12-09 10:46:38.396650$GPGSV,1,1,0,,,,,,,,,,,,,,,,*49
###2023-12-09 10:46:38.397379$GNVTG,,,,,,,,,*60
###2023-12-09 10:46:38.398063$GNGST,,,,,,,,*49
###2023-12-09 10:46:38.398681$GNZDA,,,,,,*56
###2023-12-09 10:46:38.399346$GNEBP,,,,,,M*13
###2023-12-09 10:46:38.593551$GNGGA,,,,,,,,,,,,,,*48
###2023-12-09 10:46:38.808525$GNGGA,,,,,,,,,,,,,,*48
###2023-12-09 10:46:38.993570$GNGGA,,,,,,,,,,,,,,*48
###2023-12-09 10:46:39.192897$GNGGA,,,,,,,,,,,,,,*48
###2023-12-09 10:46:39.393734$GNRMC,,,,,,,,,,,,*55
###2023-12-09 10:46:39.395152$GNGGA,,,,,,,,,,,,,,*48
###2023-12-09 10:46:39.396849$GPGSA,A,1,,,,,,,,,,,,,,,*1E
###2023-12-09 10:46:39.398455$GPGSV,1,1,0,,,,,,,,,,,,,,,,*49
###2023-12-09 10:46:39.399809$GNVTG,,,,,,,,,*60
###2023-12-09 10:46:39.400862$GNGST,,,,,,,,*49
###2023-12-09 10:46:39.401817$GNZDA,,,,,,*56
###2023-12-09 10:46:39.402797$GNEBP,,,,,,M*13
###2023-12-09 10:46:39.594813$GNGGA,,,,,,,,,,,,,,*48
###2023-12-09 10:46:39.794333$GNGGA,,,,,,,,,,,,,,*48
###2023-12-09 10:46:39.993689$GNGGA,,,,,,,,,,,,,,*48
###2023-12-09 10:46:40.193690$GNGGA,,,,,,,,,,,,,,*48
###2023-12-09 10:46:40.394900$GNRMC,,,,,,,,,,,,*55
###2023-12-09 10:46:40.396012$GNGGA,,,,,,,,,,,,,,*48
###2023-12-09 10:46:40.397227$GPGSA,A,1,,,,,,,,,,,,,,,*1E
###2023-12-09 10:46:40.398523$GPGSV,1,1,0,,,,,,,,,,,,,,,,*49
###2023-12-09 10:46:40.399414$GNVTG,,,,,,,,,*60
###2023-12-09 10:46:40.400247$GNGST,,,,,,,,*49
###2023-12-09 10:46:40.401002$GNZDA,,,,,,*56
