###2023-12-09 10:59:01.432491$GNEBP,,,,,,M*13
###2023-12-09 10:59:01.625421$GNGGA,,,,,,,,,,,,,,*48
###2023-12-09 10:59:01.825334$GNGGA,,,,,,,,,,,,,,*48
###2023-12-09 10:59:02.026565$GNGGA,,,,,,,,,,,,,,*48
###2023-12-09 10:59:02.228591$GNGGA,,,,,,,,,,,,,,*48
###2023-12-09 10:59:02.425694$GNRMC,,,,,,,,,,,,*55
###2023-12-09 10:59:02.426578$GNGGA,,,,,,,,,,,,,,*48
###2023-12-09 10:59:02.427629$GPGSA,A,1,,,,,,,,,,,,,,,*1E
###2023-12-09 10:59:02.428759$GPGSV,1,1,0,,,,,,,,,,,,,,,,*49
###2023-12-09 10:59:02.429465$GNVTG,,,,,,,,,*60
###2023-12-09 10:59:02.430132$GNGST,,,,,,,,*49
###2023-12-09 10:59:02.430731$GNZDA,,,,,,*56
###2023-12-09 10:59:02.431377$GNEBP,,,,,,M*13
###2023-12-09 10:59:02.625375$GNGGA,,,,,,,,,,,,,,*48
###2023-12-09 10:59:02.824665$GNGGA,,,,,,,,,,,,,,*48
###2023-12-09 10:59:03.025597$GNGGA,,,,,,,,,,,,,,*48
###2023-12-09 10:59:03.224369$GNGGA,,,,,,,,,,,,,,*48
###2023-12-09 10:59:03.424982$GNRMC,,,,,,,,,,,,*55
###2023-12-09 10:59:03.426059$GNGGA,,,,,,,,,,,,,,*48
###2023-12-09 10:59:03.427366$GPGSA,A,1,,,,,,,,,,,,,,,*1E
###2023-12-09 10:59:03.428720$GPGSV,1,1,0,,,,,,,,,,,,,,,,*49
###2023-12-09 10:59:03.429579$GNVTG,,,,,,,,,*60
###2023-12-09 10:59:03.430382$GNGST,,,,,,,,*49
###2023-12-09 10:59:03.431118$GNZDA,,,,,,*56
###2023-12-09 10:59:03.431884$GNEBP,,,,,,M*13
###2023-12-09 10:59:03.625606$GNGGA,,,,,,,,,,,,,,*48
###2023-12-09 10:59:03.825499$GNGGA,,,,,,,,,,,,,,*48
###2023-12-09 10:59:04.025122$GNGGA,,,,,,,,,,,,,,*48
###2023-12-09 10:59:04.226342$GNGGA,,,,,,,,,,,,,,*48
###2023-12-09 10:59:04.425199$GNRMC,,,,,,,,,,,,*55
###2023-12-09 10:59:04.426087$GNGGA,,,,,,,,,,,,,,*48
###2023-12-09 10:59:04.427138$GPGSA,A,1,,,,,,,,,,,,,,,*1E
###2023-12-09 10:59:04.428263$GPGSV,1,1,0,,,,,,,,,,,,,,,,*49
###2023-12-09 10:59:04.428964$GNVTG,,,,,,,,,*60
###2023-12-09 10:59:04.429631$GNGST,,,,,,,,*49
###2023-12-09 10:59:04.430230$GNZDA,,,,,,*56
###2023-12-09 10:59:04.430871$GNEBP,,,,,,M*13
###2023-12-09 10:59:04.624243$GNGGA,,,,,,,,,,,,,,*48
###2023-12-09 10:59:04.825262$GNGGA,,,,,,,,,,,,,,*48
###2023-12-09 10:59:05.025189$GNGGA,,,,,,,,,,,,,,*48
###2023-12-09 10:59:05.224072$GNGGA,,,,,,,,,,,,,,*48
###2023-12-09 10:59:05.424740$GNRMC,,,,,,,,,,,,*55
###2023-12-09 10:59:05.425621$GNGGA,,,,,,,,,,,,,,*48
###2023-12-09 10:59:05.426646$GPGSA,A,1,,,,,,,,,,,,,,,*1E
###2023-12-09 10:59:05.427798$GPGSV,1,1,0,,,,,,,,,,,,,,,,*49
###2023-12-09 10:59:05.428507$GNVTG,,,,,,,,,*60
###2023-12-09 10:59:05.429176$GNGST,,,,,,,,*49
###2023-12-09 10:59:05.429776$GNZDA,,,,,,*56
###2023-12-09 10:59:05.430407$GNEBP,,,,,,M*13
###2023-12-09 10:59:05.625069$GNGGA,,,,,,,,,,,,,,*48
###2023-12-09 10:59:05.825122$GNGGA,,,,,,,,,,,,,,*48
###2023-12-09 10:59:06.025069$GNGGA,,,,,,,,,,,,,,*48
###2023-12-09 10:59:06.224032$GNGGA,,,,,,,,,,,,,,*48
###2023-12-09 10:59:06.423601$GNRMC,,,,,,,,,,,,*55
###2023-12-09 10:59:06.424499$GNGGA,,,,,,,,,,,,,,*48
###2023-12-09 10:59:06.425523$GPGSA,A,1,,,,,,,,,,,,,,,*1E
###2023-12-09 10:59:06.426644$GPGSV,1,1,0,,,,,,,,,,,,,,,,*49
###2023-12-09 10:59:06.427361$GNVTG,,,,,,,,,*60
###2023-12-09 10:59:06.428025$GNGST,,,,,,,,*49
###2023-12-09 10:59:06.428622$GNZDA,,,,,,*56
###2023-12-09 10:59:06.429250$GNEBP,,,,,,M*13
###2023-12-09 10:59:06.625152$GNGGA,,,,,,,,,,,,,,*48
###2023-12-09 10:59:06.825116$GNGGA,,,,,,,,,,,,,,*48
###2023-12-09 10:59:07.024994$GNGGA,,,,,,,,,,,,,,*48
###2023-12-09 10:59:07.224163$GNGGA,,,,,,,,,,,,,,*48
###2023-12-09 10:59:07.431216$GNRMC,,,,,,,,,,,,*55
###2023-12-09 10:59:07.432102$GNGGA,,,,,,,,,,,,,,*48
###2023-12-09 10:59:07.433125$GPGSA,A,1,,,,,,,,,,,,,,,*1E
###2023-12-09 10:59:07.434247$GPGSV,1,1,0,,,,,,,,,,,,,,,,*49
###2023-12-09 10:59:07.434963$GNVTG,,,,,,,,,*60
###2023-12-09 10:59:07.435631$GNGST,,,,,,,,*49
###2023-12-09 10:59:07.436234$GNZDA,,,,,,*56
###2023-12-09 10:59:07.436878$GNEBP,,,,,,M*13
###2023-12-09 10:59:07.625454$GNGGA,,,,,,,,,,,,,,*48
###2023-12-09 10:59:07.826430$GNGGA,,,,,,,,,,,,,,*48
###2023-12-09 10:59:08.027319$GNGGA,,,,,,,,,,,,,,*48
###2023-12-09 10:59:08.224656$GNGGA,,,,,,,,,,,,,,*48
###2023-12-09 10:59:08.427182$GNRMC,,,,,,,,,,,,*55
###2023-12-09 10:59:08.428079$GNGGA,,,,,,,,,,,,,,*48
###2023-12-09 10:59:08.429104$GPGSA,A,1,,,,,,,,,,,,,,,*1E
###2023-12-09 10:59:08.430221$GPGSV,1,1,0,,,,,,,,,,,,,,,,*49
###2023-12-09 10:59:08.430938$GNVTG,,,,,,,,,*60
###2023-12-09 10:59:08.431600$GNGST,,,,,,,,*49
###2023-12-09 10:59:08.432197$GNZDA,,,,,,*56
###2023-12-09 10:59:08.432824$GNEBP,,,,,,M*13
###2023-12-09 10:59:08.625341$GNGGA,,,,,,,,,,,,,,*48
###2023-12-09 10:59:08.825404$GNGGA,,,,,,,,,,,,,,*48
###2023-12-09 10:59:09.025152$GNGGA,,,,,,,,,,,,,,*48
###2023-12-09 10:59:09.225316$GNGGA,,,,,,,,,,,,,,*48
###2023-12-09 10:59:09.439732$GNRMC,,,,,,,,,,,,*55
###2023-12-09 10:59:09.440623$GNGGA,,,,,,,,,,,,,,*48
###2023-12-09 10:59:09.441650$GPGSA,A,1,,,,,,,,,,,,,,,*1E
###2023-12-09 10:59:09.442773$GPGSV,1,1,0,,,,,,,,,,,,,,,,*49
###2023-12-09 10:59:09.443503$GNVTG,,,,,,,,,*60
###2023-12-09 10:59:09.444172$GNGST,,,,,,,,*49
###2023-12-09 10:59:09.444773$GNZDA,,,,,,*56
###2023-12-09 10:59:09.445402$GNEBP,,,,,,M*13
###2023-12-09 10:59:09.625347$GNGGA,,,,,,,,,,,,,,*48
###2023-12-09 10:59:09.825376$GNGGA,,,,,,,,,,,,,,*48
###2023-12-09 10:59:10.025105$GNGGA,,,,,,,,,,,,,,*48
