###2023-12-09 10:57:05.221719$GNGGA,,,,,,,,,,,,,,*48
###2023-12-09 10:57:05.421383$GNRMC,,,,,,,,,,,,*55
###2023-12-09 10:57:05.422505$GNGGA,,,,,,,,,,,,,,*48
###2023-12-09 10:57:05.423753$GPGSA,A,1,,,,,,,,,,,,,,,*1E
###2023-12-09 10:57:05.425057$GPGSV,1,1,0,,,,,,,,,,,,,,,,*49
###2023-12-09 10:57:05.425937$GNVTG,,,,,,,,,*60
###2023-12-09 10:57:05.426775$GNGST,,,,,,,,*49
###2023-12-09 10:57:05.427420$GNZDA,,,,,,*56
###2023-12-09 10:57:05.428077$GNEBP,,,,,,M*13
###2023-12-09 10:57:05.621882$GNGGA,,,,,,,,,,,,,,*48
###2023-12-09 10:57:05.821892$GNGGA,,,,,,,,,,,,,,*48
###2023-12-09 10:57:06.022817$GNGGA,,,,,,,,,,,,,,*48
###2023-12-09 10:57:06.225390$GNGGA,,,,,,,,,,,,,,*48
###2023-12-09 10:57:06.423842$GNRMC,,,,,,,,,,,,*55
###2023-12-09 10:57:06.425265$GNGGA,,,,,,,,,,,,,,*48
###2023-12-09 10:57:06.426581$GPGSA,A,1,,,,,,,,,,,,,,,*1E
###2023-12-09 10:57:06.428236$GPGSV,1,1,0,,,,,,,,,,,,,,,,*49
###2023-12-09 10:57:06.429155$GNVTG,,,,,,,,,*60
###2023-12-09 10:57:06.430021$GNGST,,,,,,,,*49
###2023-12-09 10:57:06.430797$GNZDA,,,,,,*56
###2023-12-09 10:57:06.431629$GNEBP,,,,,,M*13
###2023-12-09 10:57:06.623306$GNGGA,,,,,,,,,,,,,,*48
###2023-12-09 10:57:06.823498$GNGGA,,,,,,,,,,,,,,*48
###2023-12-09 10:57:07.024150$GNGGA,,,,,,,,,,,,,,*48
###2023-12-09 10:57:07.227210$GNGGA,,,,,,,,,,,,,,*48
###2023-12-09 10:57:07.423759$GNRMC,,,,,,,,,,,,*55
###2023-12-09 10:57:07.424918$GNGGA,,,,,,,,,,,,,,*48
###2023-12-09 10:57:07.426240$GPGSA,A,1,,,,,,,,,,,,,,,*1E
###2023-12-09 10:57:07.427705$GPGSV,1,1,0,,,,,,,,,,,,,,,,*49
###2023-12-09 10:57:07.428851$GNVTG,,,,,,,,,*60
###2023-12-09 10:57:07.429903$GNGST,,,,,,,,*49
###2023-12-09 10:57:07.430717$GNZDA,,,,,,*56
###2023-12-09 10:57:07.431552$GNEBP,,,,,,M*13
###2023-12-09 10:57:07.623254$GNGGA,,,,,,,,,,,,,,*48
###2023-12-09 10:57:07.824301$GNGGA,,,,,,,,,,,,,,*48
###2023-12-09 10:57:08.024158$GNGGA,,,,,,,,,,,,,,*48
###2023-12-09 10:57:08.223951$GNGGA,,,,,,,,,,,,,,*48
###2023-12-09 10:57:08.424392$GNRMC,,,,,,,,,,,,*55
###2023-12-09 10:57:08.425557$GNGGA,,,,,,,,,,,,,,*48
###2023-12-09 10:57:08.426881$GPGSA,A,1,,,,,,,,,,,,,,,*1E
###2023-12-09 10:57:08.428520$GPGSV,1,1,0,,,,,,,,,,,,,,,,*49
###2023-12-09 10:57:08.429424$GNVTG,,,,,,,,,*60
###2023-12-09 10:57:08.430285$GNGST,,,,,,,,*49
###2023-12-09 10:57:08.431239$GNZDA,,,,,,*56
###2023-12-09 10:57:08.432115$GNEBP,,,,,,M*13
###2023-12-09 10:57:08.624149$GNGGA,,,,,,,,,,,,,,*48
###2023-12-09 10:57:08.822758$GNGGA,,,,,,,,,,,,,,*48
###2023-12-09 10:57:09.021791$GNGGA,,,,,,,,,,,,,,*48
###2023-12-09 10:57:09.220939$GNGGA,,,,,,,,,,,,,,*48
###2023-12-09 10:57:09.422556$GNRMC,,,,,,,,,,,,*55
###2023-12-09 10:57:09.423747$GNGGA,,,,,,,,,,,,,,*48
###2023-12-09 10:57:09.425044$GPGSA,A,1,,,,,,,,,,,,,,,*1E
###2023-12-09 10:57:09.426455$GPGSV,1,1,0,,,,,,,,,,,,,,,,*49
###2023-12-09 10:57:09.427372$GNVTG,,,,,,,,,*60
###2023-12-09 10:57:09.428234$GNGST,,,,,,,,*49
###2023-12-09 10:57:09.429007$GNZDA,,,,,,*56
###2023-12-09 10:57:09.429818$GNEBP,,,,,,M*13
###2023-12-09 10:57:09.621983$GNGGA,,,,,,,,,,,,,,*48
###2023-12-09 10:57:09.824401$GNGGA,,,,,,,,,,,,,,*48
###2023-12-09 10:57:10.024175$GNGGA,,,,,,,,,,,,,,*48
###2023-12-09 10:57:10.222646$GNGGA,,,,,,,,,,,,,,*48
###2023-12-09 10:57:10.424431$GNRMC,,,,,,,,,,,,*55
###2023-12-09 10:57:10.425350$GNGGA,,,,,,,,,,,,,,*48
###2023-12-09 10:57:10.426413$GPGSA,A,1,,,,,,,,,,,,,,,*1E
###2023-12-09 10:57:10.427592$GPGSV,1,1,0,,,,,,,,,,,,,,,,*49
###2023-12-09 10:57:10.428313$GNVTG,,,,,,,,,*60
###2023-12-09 10:57:10.429002$GNGST,,,,,,,,*49
###2023-12-09 10:57:10.429619$GNZDA,,,,,,*56
###2023-12-09 10:57:10.430265$GNEBP,,,,,,M*13
###2023-12-09 10:57:10.624328$GNGGA,,,,,,,,,,,,,,*48
###2023-12-09 10:57:10.824179$GNGGA,,,,,,,,,,,,,,*48
###2023-12-09 10:57:11.024483$GNGGA,,,,,,,,,,,,,,*48
###2023-12-09 10:57:11.222126$GNGGA,,,,,,,,,,,,,,*48
###2023-12-09 10:57:11.424279$GNRMC,,,,,,,,,,,,*55
###2023-12-09 10:57:11.425176$GNGGA,,,,,,,,,,,,,,*48
###2023-12-09 10:57:11.426209$GPGSA,A,1,,,,,,,,,,,,,,,*1E
###2023-12-09 10:57:11.427363$GPGSV,1,1,0,,,,,,,,,,,,,,,,*49
###2023-12-09 10:57:11.428066$GNVTG,,,,,,,,,*60
###2023-12-09 10:57:11.428731$GNGST,,,,,,,,*49
###2023-12-09 10:57:11.429331$GNZDA,,,,,,*56
###2023-12-09 10:57:11.429962$GNEBP,,,,,,M*13
###2023-12-09 10:57:11.624158$GNGGA,,,,,,,,,,,,,,*48
###2023-12-09 10:57:11.824203$GNGGA,,,,,,,,,,,,,,*48
###2023-12-09 10:57:12.025235$GNGGA,,,,,,,,,,,,,,*48
###2023-12-09 10:57:12.222388$GNGGA,,,,,,,,,,,,,,*48
###2023-12-09 10:57:12.423713$GNRMC,,,,,,,,,,,,*55
###2023-12-09 10:57:12.424853$GNGGA,,,,,,,,,,,,,,*48
###2023-12-09 10:57:12.426068$GPGSA,A,1,,,,,,,,,,,,,,,*1E
###2023-12-09 10:57:12.427412$GPGSV,1,1,0,,,,,,,,,,,,,,,,*49
###2023-12-09 10:57:12.428315$GNVTG,,,,,,,,,*60
###2023-12-09 10:57:12.429159$GNGST,,,,,,,,*49
###2023-12-09 10:57:12.429934$GNZDA,,,,,,*56
###2023-12-09 10:57:12.430754$GNEBP,,,,,,M*13
###2023-12-09 10:57:12.621619$GNGGA,,,,,,,,,,,,,,*48
###2023-12-09 10:57:12.822720$GNGGA,,,,,,,,,,,,,,*48
###2023-12-09 10:57:13.022563$GNGGA,,,,,,,,,,,,,,*48
###2023-12-09 10:57:13.221796$GNGGA,,,,,,,,,,,,,,*48
###2023-12-09 10:57:13.422884$GNRMC,,,,,,,,,,,,*55
###2023-12-09 10:57:13.423861$GNGGA,,,,,,,,,,,,,,*48
###2023-12-09 10:57:13.424946$GPGSA,A,1,,,,,,,,,,,,,,,*1E
