###2023-12-09 10:56:06.426422$GNEBP,,,,,,M*13
###2023-12-09 10:56:06.619786$GNGGA,,,,,,,,,,,,,,*48
###2023-12-09 10:56:06.819868$GNGGA,,,,,,,,,,,,,,*48
###2023-12-09 10:56:07.020767$GNGGA,,,,,,,,,,,,,,*48
###2023-12-09 10:56:07.219981$GNGGA,,,,,,,,,,,,,,*48
###2023-12-09 10:56:07.421566$GNRMC,,,,,,,,,,,,*55
###2023-12-09 10:56:07.422672$GNGGA,,,,,,,,,,,,,,*48
###2023-12-09 10:56:07.423774$GPGSA,A,1,,,,,,,,,,,,,,,*1E
###2023-12-09 10:56:07.424941$GPGSV,1,1,0,,,,,,,,,,,,,,,,*49
###2023-12-09 10:56:07.425669$GNVTG,,,,,,,,,*60
###2023-12-09 10:56:07.426348$GNGST,,,,,,,,*49
###2023-12-09 10:56:07.426979$GNZDA,,,,,,*56
###2023-12-09 10:56:07.427627$GNEBP,,,,,,M*13
###2023-12-09 10:56:07.620827$GNGGA,,,,,,,,,,,,,,*48
###2023-12-09 10:56:07.821881$GNGGA,,,,,,,,,,,,,,*48
###2023-12-09 10:56:08.020606$GNGGA,,,,,,,,,,,,,,*48
###2023-12-09 10:56:08.220013$GNGGA,,,,,,,,,,,,,,*48
###2023-12-09 10:56:08.422041$GNRMC,,,,,,,,,,,,*55
###2023-12-09 10:56:08.423167$GNGGA,,,,,,,,,,,,,,*48
###2023-12-09 10:56:08.424380$GPGSA,A,1,,,,,,,,,,,,,,,*1E
###2023-12-09 10:56:08.425676$GPGSV,1,1,0,,,,,,,,,,,,,,,,*49
###2023-12-09 10:56:08.426565$GNVTG,,,,,,,,,*60
###2023-12-09 10:56:08.427405$GNGST,,,,,,,,*49
###2023-12-09 10:56:08.428163$GNZDA,,,,,,*56
###2023-12-09 10:56:08.428951$GNEBP,,,,,,M*13
###2023-12-09 10:56:08.622085$GNGGA,,,,,,,,,,,,,,*48
###2023-12-09 10:56:08.821835$GNGGA,,,,,,,,,,,,,,*48
###2023-12-09 10:56:09.021733$GNGGA,,,,,,,,,,,,,,*48
###2023-12-09 10:56:09.220817$GNGGA,,,,,,,,,,,,,,*48
###2023-12-09 10:56:09.421492$GNRMC,,,,,,,,,,,,*55
###2023-12-09 10:56:09.422396$GNGGA,,,,,,,,,,,,,,*48
###2023-12-09 10:56:09.423496$GPGSA,A,1,,,,,,,,,,,,,,,*1E
###2023-12-09 10:56:09.424640$GPGSV,1,1,0,,,,,,,,,,,,,,,,*49
###2023-12-09 10:56:09.425356$GNVTG,,,,,,,,,*60
###2023-12-09 10:56:09.426038$GNGST,,,,,,,,*49
###2023-12-09 10:56:09.426651$GNZDA,,,,,,*56
###2023-12-09 10:56:09.427315$GNEBP,,,,,,M*13
###2023-12-09 10:56:09.621810$GNGGA,,,,,,,,,,,,,,*48
###2023-12-09 10:56:09.821881$GNGGA,,,,,,,,,,,,,,*48
###2023-12-09 10:56:10.021755$GNGGA,,,,,,,,,,,,,,*48
###2023-12-09 10:56:10.220955$GNGGA,,,,,,,,,,,,,,*48
###2023-12-09 10:56:10.425826$GNRMC,,,,,,,,,,,,*55
###2023-12-09 10:56:10.426733$GNGGA,,,,,,,,,,,,,,*48
###2023-12-09 10:56:10.427794$GPGSA,A,1,,,,,,,,,,,,,,,*1E
###2023-12-09 10:56:10.428921$GPGSV,1,1,0,,,,,,,,,,,,,,,,*49
###2023-12-09 10:56:10.429625$GNVTG,,,,,,,,,*60
###2023-12-09 10:56:10.430288$GNGST,,,,,,,,*49
###2023-12-09 10:56:10.430908$GNZDA,,,,,,*56
###2023-12-09 10:56:10.431534$GNEBP,,,,,,M*13
###2023-12-09 10:56:10.621757$GNGGA,,,,,,,,,,,,,,*48
###2023-12-09 10:56:10.821946$GNGGA,,,,,,,,,,,,,,*48
###2023-12-09 10:56:11.022790$GNGGA,,,,,,,,,,,,,,*48
###2023-12-09 10:56:11.221039$GNGGA,,,,,,,,,,,,,,*48
###2023-12-09 10:56:11.422702$GNRMC,,,,,,,,,,,,*55
###2023-12-09 10:56:11.423635$GNGGA,,,,,,,,,,,,,,*48
###2023-12-09 10:56:11.424685$GPGSA,A,1,,,,,,,,,,,,,,,*1E
###2023-12-09 10:56:11.425823$GPGSV,1,1,0,,,,,,,,,,,,,,,,*49
###2023-12-09 10:56:11.426538$GNVTG,,,,,,,,,*60
###2023-12-09 10:56:11.427237$GNGST,,,,,,,,*49
###2023-12-09 10:56:11.427849$GNZDA,,,,,,*56
###2023-12-09 10:56:11.428495$GNEBP,,,,,,M*13
###2023-12-09 10:56:11.624108$GNGGA,,,,,,,,,,,,,,*48
###2023-12-09 10:56:11.823128$GNGGA,,,,,,,,,,,,,,*48
###2023-12-09 10:56:12.024054$GNGGA,,,,,,,,,,,,,,*48
###2023-12-09 10:56:12.223524$GNGGA,,,,,,,,,,,,,,*48
###2023-12-09 10:56:12.424186$GNRMC,,,,,,,,,,,,*55
###2023-12-09 10:56:12.425107$GNGGA,,,,,,,,,,,,,,*48
###2023-12-09 10:56:12.426165$GPGSA,A,1,,,,,,,,,,,,,,,*1E
###2023-12-09 10:56:12.427335$GPGSV,1,1,0,,,,,,,,,,,,,,,,*49
###2023-12-09 10:56:12.428058$GNVTG,,,,,,,,,*60
###2023-12-09 10:56:12.428740$GNGST,,,,,,,,*49
###2023-12-09 10:56:12.429352$GNZDA,,,,,,*56
###2023-12-09 10:56:12.429997$GNEBP,,,,,,M*13
###2023-12-09 10:56:12.624082$GNGGA,,,,,,,,,,,,,,*48
###2023-12-09 10:56:12.824015$GNGGA,,,,,,,,,,,,,,*48
###2023-12-09 10:56:13.024065$GNGGA,,,,,,,,,,,,,,*48
###2023-12-09 10:56:13.223042$GNGGA,,,,,,,,,,,,,,*48
###2023-12-09 10:56:13.423639$GNRMC,,,,,,,,,,,,*55
###2023-12-09 10:56:13.424550$GNGGA,,,,,,,,,,,,,,*48
###2023-12-09 10:56:13.425597$GPGSA,A,1,,,,,,,,,,,,,,,*1E
###2023-12-09 10:56:13.426734$GPGSV,1,1,0,,,,,,,,,,,,,,,,*49
###2023-12-09 10:56:13.427468$GNVTG,,,,,,,,,*60
###2023-12-09 10:56:13.428150$GNGST,,,,,,,,*49
###2023-12-09 10:56:13.428762$GNZDA,,,,,,*56
###2023-12-09 10:56:13.429406$GNEBP,,,,,,M*13
###2023-12-09 10:56:13.623068$GNGGA,,,,,,,,,,,,,,*48
###2023-12-09 10:56:13.824198$GNGGA,,,,,,,,,,,,,,*48
###2023-12-09 10:56:14.023156$GNGGA,,,,,,,,,,,,,,*48
###2023-12-09 10:56:14.223149$GNGGA,,,,,,,,,,,,,,*48
###2023-12-09 10:56:14.423627$GNRMC,,,,,,,,,,,,*55
###2023-12-09 10:56:14.424535$GNGGA,,,,,,,,,,,,,,*48
###2023-12-09 10:56:14.425585$GPGSA,A,1,,,,,,,,,,,,,,,*1E
###2023-12-09 10:56:14.426726$GPGSV,1,1,0,,,,,,,,,,,,,,,,*49
###2023-12-09 10:56:14.427461$GNVTG,,,,,,,,,*60
###2023-12-09 10:56:14.428143$GNGST,,,,,,,,*49
###2023-12-09 10:56:14.428753$GNZDA,,,,,,*56
###2023-12-09 10:56:14.429396$GNEBP,,,,,,M*13
###2023-12-09 10:56:14.623199$GNGGA,,,,,,,,,,,,,,*48
###2023-12-09 10:56:14.823126$GNGGA,,,,,,,,,,,,,,*48
###2023-12-09 10:56:15.023898$GNGGA,,,,,,,,,,,,,,*48
