###2023-12-09 10:49:19.203282$GNGGA,,,,,,,,,,,,,,*48
###2023-12-09 10:49:19.404199$GNRMC,,,,,,,,,,,,*55
###2023-12-09 10:49:19.405112$GNGGA,,,,,,,,,,,,,,*48
###2023-12-09 10:49:19.406163$GPGSA,A,1,,,,,,,,,,,,,,,*1E
###2023-12-09 10:49:19.407335$GPGSV,1,1,0,,,,,,,,,,,,,,,,*49
###2023-12-09 10:49:19.408068$GNVTG,,,,,,,,,*60
###2023-12-09 10:49:19.408755$GNGST,,,,,,,,*49
###2023-12-09 10:49:19.409374$GNZDA,,,,,,*56
###2023-12-09 10:49:19.410019$GNEBP,,,,,,M*13
###2023-12-09 10:49:19.604344$GNGGA,,,,,,,,,,,,,,*48
###2023-12-09 10:49:19.805487$GNGGA,,,,,,,,,,,,,,*48
###2023-12-09 10:49:20.006049$GNGGA,,,,,,,,,,,,,,*48
###2023-12-09 10:49:20.204296$GNGGA,,,,,,,,,,,,,,*48
###2023-12-09 10:49:20.405246$GNRMC,,,,,,,,,,,,*55
###2023-12-09 10:49:20.406163$GNGGA,,,,,,,,,,,,,,*48
###2023-12-09 10:49:20.407249$GPGSA,A,1,,,,,,,,,,,,,,,*1E
###2023-12-09 10:49:20.408396$GPGSV,1,1,0,,,,,,,,,,,,,,,,*49
###2023-12-09 10:49:20.409122$GNVTG,,,,,,,,,*60
###2023-12-09 10:49:20.409815$GNGST,,,,,,,,*49
###2023-12-09 10:49:20.410433$GNZDA,,,,,,*56
###2023-12-09 10:49:20.411100$GNEBP,,,,,,M*13
###2023-12-09 10:49:20.605129$GNGGA,,,,,,,,,,,,,,*48
###2023-12-09 10:49:20.805230$GNGGA,,,,,,,,,,,,,,*48
###2023-12-09 10:49:21.004530$GNGGA,,,,,,,,,,,,,,*48
###2023-12-09 10:49:21.204346$GNGGA,,,,,,,,,,,,,,*48
###2023-12-09 10:49:21.405606$GNRMC,,,,,,,,,,,,*55
###2023-12-09 10:49:21.406522$GNGGA,,,,,,,,,,,,,,*48
###2023-12-09 10:49:21.407603$GPGSA,A,1,,,,,,,,,,,,,,,*1E
###2023-12-09 10:49:21.408744$GPGSV,1,1,0,,,,,,,,,,,,,,,,*49
###2023-12-09 10:49:21.409465$GNVTG,,,,,,,,,*60
###2023-12-09 10:49:21.410148$GNGST,,,,,,,,*49
###2023-12-09 10:49:21.410762$GNZDA,,,,,,*56
###2023-12-09 10:49:21.411425$GNEBP,,,,,,M*13
###2023-12-09 10:49:21.605438$GNGGA,,,,,,,,,,,,,,*48
###2023-12-09 10:49:21.806511$GNGGA,,,,,,,,,,,,,,*48
###2023-12-09 10:49:22.005825$GNGGA,,,,,,,,,,,,,,*48
###2023-12-09 10:49:22.204739$GNGGA,,,,,,,,,,,,,,*48
###2023-12-09 10:49:22.405252$GNRMC,,,,,,,,,,,,*55
###2023-12-09 10:49:22.406341$GNGGA,,,,,,,,,,,,,,*48
###2023-12-09 10:49:22.407427$GPGSA,A,1,,,,,,,,,,,,,,,*1E
###2023-12-09 10:49:22.408577$GPGSV,1,1,0,,,,,,,,,,,,,,,,*49
###2023-12-09 10:49:22.409305$GNVTG,,,,,,,,,*60
###2023-12-09 10:49:22.409994$GNGST,,,,,,,,*49
###2023-12-09 10:49:22.410610$GNZDA,,,,,,*56
###2023-12-09 10:49:22.411278$GNEBP,,,,,,M*13
###2023-12-09 10:49:22.606793$GNGGA,,,,,,,,,,,,,,*48
###2023-12-09 10:49:22.805632$GNGGA,,,,,,,,,,,,,,*48
###2023-12-09 10:49:23.004461$GNGGA,,,,,,,,,,,,,,*48
###2023-12-09 10:49:23.204305$GNGGA,,,,,,,,,,,,,,*48
###2023-12-09 10:49:23.405408$GNRMC,,,,,,,,,,,,*55
###2023-12-09 10:49:23.406513$GNGGA,,,,,,,,,,,,,,*48
###2023-12-09 10:49:23.407749$GPGSA,A,1,,,,,,,,,,,,,,,*1E
###2023-12-09 10:49:23.409054$GPGSV,1,1,0,,,,,,,,,,,,,,,,*49
###2023-12-09 10:49:23.409932$GNVTG,,,,,,,,,*60
###2023-12-09 10:49:23.410772$GNGST,,,,,,,,*49
###2023-12-09 10:49:23.411562$GNZDA,,,,,,*56
###2023-12-09 10:49:23.412364$GNEBP,,,,,,M*13
###2023-12-09 10:49:23.605339$GNGGA,,,,,,,,,,,,,,*48
###2023-12-09 10:49:23.805797$GNGGA,,,,,,,,,,,,,,*48
###2023-12-09 10:49:24.004511$GNGGA,,,,,,,,,,,,,,*48
###2023-12-09 10:49:24.204450$GNGGA,,,,,,,,,,,,,,*48
###2023-12-09 10:49:24.405666$GNRMC,,,,,,,,,,,,*55
###2023-12-09 10:49:24.406752$GNGGA,,,,,,,,,,,,,,*48
###2023-12-09 10:49:24.407989$GPGSA,A,1,,,,,,,,,,,,,,,*1E
###2023-12-09 10:49:24.409285$GPGSV,1,1,0,,,,,,,,,,,,,,,,*49
###2023-12-09 10:49:24.410164$GNVTG,,,,,,,,,*60
###2023-12-09 10:49:24.410888$GNGST,,,,,,,,*49
###2023-12-09 10:49:24.411517$GNZDA,,,,,,*56
###2023-12-09 10:49:24.412171$GNEBP,,,,,,M*13
###2023-12-09 10:49:24.605337$GNGGA,,,,,,,,,,,,,,*48
###2023-12-09 10:49:24.805898$GNGGA,,,,,,,,,,,,,,*48
###2023-12-09 10:49:25.003450$GNGGA,,,,,,,,,,,,,,*48
###2023-12-09 10:49:25.204435$GNGGA,,,,,,,,,,,,,,*48
###2023-12-09 10:49:25.405388$GNRMC,,,,,,,,,,,,*55
###2023-12-09 10:49:25.406484$GNGGA,,,,,,,,,,,,,,*48
###2023-12-09 10:49:25.407713$GPGSA,A,1,,,,,,,,,,,,,,,*1E
###2023-12-09 10:49:25.409013$GPGSV,1,1,0,,,,,,,,,,,,,,,,*49
###2023-12-09 10:49:25.409887$GNVTG,,,,,,,,,*60
###2023-12-09 10:49:25.410719$GNGST,,,,,,,,*49
###2023-12-09 10:49:25.411495$GNZDA,,,,,,*56
###2023-12-09 10:49:25.412302$GNEBP,,,,,,M*13
###2023-12-09 10:49:25.604338$GNGGA,,,,,,,,,,,,,,*48
###2023-12-09 10:49:25.804551$GNGGA,,,,,,,,,,,,,,*48
###2023-12-09 10:49:26.004492$GNGGA,,,,,,,,,,,,,,*48
###2023-12-09 10:49:26.204497$GNGGA,,,,,,,,,,,,,,*48
###2023-12-09 10:49:26.405271$GNRMC,,,,,,,,,,,,*55
###2023-12-09 10:49:26.406180$GNGGA,,,,,,,,,,,,,,*48
###2023-12-09 10:49:26.407263$GPGSA,A,1,,,,,,,,,,,,,,,*1E
###2023-12-09 10:49:26.408404$GPGSV,1,1,0,,,,,,,,,,,,,,,,*49
###2023-12-09 10:49:26.409123$GNVTG,,,,,,,,,*60
###2023-12-09 10:49:26.409806$GNGST,,,,,,,,*49
###2023-12-09 10:49:26.410418$GNZDA,,,,,,*56
###2023-12-09 10:49:26.411079$GNEBP,,,,,,M*13
###2023-12-09 10:49:26.605362$GNGGA,,,,,,,,,,,,,,*48
###2023-12-09 10:49:26.804638$GNGGA,,,,,,,,,,,,,,*48
###2023-12-09 10:49:27.004593$GNGGA,,,,,,,,,,,,,,*48
###2023-12-09 10:49:27.204437$GNGGA,,,,,,,,,,,,,,*48
###2023-12-09 10:49:27.405531$GNRMC,,,,,,,,,,,,*55
###2023-12-09 10:49:27.406652$GNGGA,,,,,,,,,,,,,,*48
###2023-12-09 10:49:27.407889$GPGSA,A,1,,,,,,,,,,,,,,,*1E
