###2023-12-09 10:47:30.400286$GNEBP,,,,,,M*13
###2023-12-09 10:47:30.594524$GNGGA,,,,,,,,,,,,,,*48
###2023-12-09 10:47:30.794041$GNGGA,,,,,,,,,,,,,,*48
###2023-12-09 10:47:30.992852$GNGGA,,,,,,,,,,,,,,*48
###2023-12-09 10:47:31.192728$GNGGA,,,,,,,,,,,,,,*48
###2023-12-09 10:47:31.393729$GNRMC,,,,,,,,,,,,*55
###2023-12-09 10:47:31.394932$GNGGA,,,,,,,,,,,,,,*48
###2023-12-09 10:47:31.396172$GPGSA,A,1,,,,,,,,,,,,,,,*1E
###2023-12-09 10:47:31.397490$GPGSV,1,1,0,,,,,,,,,,,,,,,,*49
###2023-12-09 10:47:31.398374$GNVTG,,,,,,,,,*60
###2023-12-09 10:47:31.399225$GNGST,,,,,,,,*49
###2023-12-09 10:47:31.400059$GNZDA,,,,,,*56
###2023-12-09 10:47:31.400739$GNEBP,,,,,,M*13
###2023-12-09 10:47:31.593646$GNGGA,,,,,,,,,,,,,,*48
###2023-12-09 10:47:31.797344$GNGGA,,,,,,,,,,,,,,*48
###2023-12-09 10:47:31.992630$GNGGA,,,,,,,,,,,,,,*48
###2023-12-09 10:47:32.192729$GNGGA,,,,,,,,,,,,,,*48
###2023-12-09 10:47:32.393682$GNRMC,,,,,,,,,,,,*55
###2023-12-09 10:47:32.394841$GNGGA,,,,,,,,,,,,,,*48
###2023-12-09 10:47:32.395943$GPGSA,A,1,,,,,,,,,,,,,,,*1E
###2023-12-09 10:47:32.397111$GPGSV,1,1,0,,,,,,,,,,,,,,,,*49
###2023-12-09 10:47:32.397855$GNVTG,,,,,,,,,*60
###2023-12-09 10:47:32.398562$GNGST,,,,,,,,*49
###2023-12-09 10:47:32.399219$GNZDA,,,,,,*56
###2023-12-09 10:47:32.399890$GNEBP,,,,,,M*13
###2023-12-09 10:47:32.593526$GNGGA,,,,,,,,,,,,,,*48
###2023-12-09 10:47:32.793461$GNGGA,,,,,,,,,,,,,,*48
###2023-12-09 10:47:32.992778$GNGGA,,,,,,,,,,,,,,*48
###2023-12-09 10:47:33.192742$GNGGA,,,,,,,,,,,,,,*48
###2023-12-09 10:47:33.393746$GNRMC,,,,,,,,,,,,*55
###2023-12-09 10:47:33.394935$GNGGA,,,,,,,,,,,,,,*48
###2023-12-09 10:47:33.396016$GPGSA,A,1,,,,,,,,,,,,,,,*1E
###2023-12-09 10:47:33.397184$GPGSV,1,1,0,,,,,,,,,,,,,,,,*49
###2023-12-09 10:47:33.397929$GNVTG,,,,,,,,,*60
###2023-12-09 10:47:33.398634$GNGST,,,,,,,,*49
###2023-12-09 10:47:33.399477$GNZDA,,,,,,*56
###2023-12-09 10:47:33.400163$GNEBP,,,,,,M*13
###2023-12-09 10:47:33.593666$GNGGA,,,,,,,,,,,,,,*48
###2023-12-09 10:47:33.793483$GNGGA,,,,,,,,,,,,,,*48
###2023-12-09 10:47:33.992623$GNGGA,,,,,,,,,,,,,,*48
###2023-12-09 10:47:34.192605$GNGGA,,,,,,,,,,,,,,*48
###2023-12-09 10:47:34.393649$GNRMC,,,,,,,,,,,,*55
###2023-12-09 10:47:34.394813$GNGGA,,,,,,,,,,,,,,*48
###2023-12-09 10:47:34.396100$GPGSA,A,1,,,,,,,,,,,,,,,*1E
###2023-12-09 10:47:34.397427$GPGSV,1,1,0,,,,,,,,,,,,,,,,*49
###2023-12-09 10:47:34.398508$GNVTG,,,,,,,,,*60
###2023-12-09 10:47:34.399398$GNGST,,,,,,,,*49
###2023-12-09 10:47:34.400375$GNZDA,,,,,,*56
###2023-12-09 10:47:34.401063$GNEBP,,,,,,M*13
###2023-12-09 10:47:34.593518$GNGGA,,,,,,,,,,,,,,*48
###2023-12-09 10:47:34.794145$GNGGA,,,,,,,,,,,,,,*48
###2023-12-09 10:47:34.992662$GNGGA,,,,,,,,,,,,,,*48
###2023-12-09 10:47:35.192688$GNGGA,,,,,,,,,,,,,,*48
###2023-12-09 10:47:35.393675$GNRMC,,,,,,,,,,,,*55
###2023-12-09 10:47:35.394650$GNGGA,,,,,,,,,,,,,,*48
###2023-12-09 10:47:35.395761$GPGSA,A,1,,,,,,,,,,,,,,,*1E
###2023-12-09 10:47:35.396928$GPGSV,1,1,0,,,,,,,,,,,,,,,,*49
###2023-12-09 10:47:35.397673$GNVTG,,,,,,,,,*60
###2023-12-09 10:47:35.398381$GNGST,,,,,,,,*49
###2023-12-09 10:47:35.399231$GNZDA,,,,,,*56
###2023-12-09 10:47:35.400097$GNEBP,,,,,,M*13
###2023-12-09 10:47:35.593658$GNGGA,,,,,,,,,,,,,,*48
###2023-12-09 10:47:35.793995$GNGGA,,,,,,,,,,,,,,*48
###2023-12-09 10:47:35.992710$GNGGA,,,,,,,,,,,,,,*48
###2023-12-09 10:47:36.192723$GNGGA,,,,,,,,,,,,,,*48
###2023-12-09 10:47:36.395158$GNRMC,,,,,,,,,,,,*55
###2023-12-09 10:47:36.396070$GNGGA,,,,,,,,,,,,,,*48
###2023-12-09 10:47:36.397114$GPGSA,A,1,,,,,,,,,,,,,,,*1E
###2023-12-09 10:47:36.398251$GPGSV,1,1,0,,,,,,,,,,,,,,,,*49
###2023-12-09 10:47:36.398985$GNVTG,,,,,,,,,*60
###2023-12-09 10:47:36.399668$GNGST,,,,,,,,*49
###2023-12-09 10:47:36.400285$GNZDA,,,,,,*56
###2023-12-09 10:47:36.400941$GNEBP,,,,,,M*13
###2023-12-09 10:47:36.595044$GNGGA,,,,,,,,,,,,,,*48
###2023-12-09 10:47:36.793915$GNGGA,,,,,,,,,,,,,,*48
###2023-12-09 10:47:36.992844$GNGGA,,,,,,,,,,,,,,*48
###2023-12-09 10:47:37.192813$GNGGA,,,,,,,,,,,,,,*48
###2023-12-09 10:47:37.393880$GNRMC,,,,,,,,,,,,*55
###2023-12-09 10:47:37.394786$GNGGA,,,,,,,,,,,,,,*48
###2023-12-09 10:47:37.395835$GPGSA,A,1,,,,,,,,,,,,,,,*1E
###2023-12-09 10:47:37.396956$GPGSV,1,1,0,,,,,,,,,,,,,,,,*49
###2023-12-09 10:47:37.397656$GNVTG,,,,,,,,,*60
###2023-12-09 10:47:37.398319$GNGST,,,,,,,,*49
###2023-12-09 10:47:37.398928$GNZDA,,,,,,*56
###2023-12-09 10:47:37.399558$GNEBP,,,,,,M*13
###2023-12-09 10:47:37.593890$GNGGA,,,,,,,,,,,,,,*48
###2023-12-09 10:47:37.794086$GNGGA,,,,,,,,,,,,,,*48
###2023-12-09 10:47:37.992972$GNGGA,,,,,,,,,,,,,,*48
###2023-12-09 10:47:38.193462$GNGGA,,,,,,,,,,,,,,*48
###2023-12-09 10:47:38.394163$GNRMC,,,,,,,,,,,,*55
###2023-12-09 10:47:38.395593$GNGGA,,,,,,,,,,,,,,*48
###2023-12-09 10:47:38.396946$GPGSA,A,1,,,,,,,,,,,,,,,*1E
###2023-12-09 10:47:38.398581$GPGSV,1,1,0,,,,,,,,,,,,,,,,*49
###2023-12-09 10:47:38.399515$GNVTG,,,,,,,,,*60
###2023-12-09 10:47:38.400372$GNGST,,,,,,,,*49
###2023-12-09 10:47:38.401366$GNZDA,,,,,,*56
###2023-12-09 10:47:38.402185$GNEBP,,,,,,M*13
###2023-12-09 10:47:38.594016$GNGGA,,,,,,,,,,,,,,*48
###2023-12-09 10:47:38.794687$GNGGA,,,,,,,,,,,,,,*48
###2023-12-09 10:47:38.993311$GNGGA,,,,,,,,,,,,,,*48
