###2023-12-09 10:42:22.428365$GPGSV,1,1,0,,,,,,,,,,,,,,,,*49
###2023-12-09 10:42:22.429103$GNVTG,,,,,,,,,*60
###2023-12-09 10:42:22.429785$GNGST,,,,,,,,*49
###2023-12-09 10:42:22.430393$GNZDA,,,,,,*56
###2023-12-09 10:42:22.431062$GNEBP,,,,,,M*13
###2023-12-09 10:42:22.625596$GNGGA,,,,,,,,,,,,,,*48
###2023-12-09 10:42:22.827209$GNGGA,,,,,,,,,,,,,,*48
###2023-12-09 10:42:23.024902$GNGGA,,,,,,,,,,,,,,*48
###2023-12-09 10:42:23.225252$GNGGA,,,,,,,,,,,,,,*48
###2023-12-09 10:42:23.426334$GNRMC,,,,,,,,,,,,*55
###2023-12-09 10:42:23.427457$GNGGA,,,,,,,,,,,,,,*48
###2023-12-09 10:42:23.428513$GPGSA,A,1,,,,,,,,,,,,,,,*1E
###2023-12-09 10:42:23.429658$GPGSV,1,1,0,,,,,,,,,,,,,,,,*49
###2023-12-09 10:42:23.430368$GNVTG,,,,,,,,,*60
###2023-12-09 10:42:23.431060$GNGST,,,,,,,,*49
###2023-12-09 10:42:23.431670$GNZDA,,,,,,*56
###2023-12-09 10:42:23.432305$GNEBP,,,,,,M*13
###2023-12-09 10:42:23.625324$GNGGA,,,,,,,,,,,,,,*48
###2023-12-09 10:42:23.825244$GNGGA,,,,,,,,,,,,,,*48
###2023-12-09 10:42:24.024576$GNGGA,,,,,,,,,,,,,,*48
###2023-12-09 10:42:24.224702$GNGGA,,,,,,,,,,,,,,*48
###2023-12-09 10:42:24.425720$GNRMC,,,,,,,,,,,,*55
###2023-12-09 10:42:24.426621$GNGGA,,,,,,,,,,,,,,*48
###2023-12-09 10:42:24.427706$GPGSA,A,1,,,,,,,,,,,,,,,*1E
###2023-12-09 10:42:24.428831$GPGSV,1,1,0,,,,,,,,,,,,,,,,*49
###2023-12-09 10:42:24.429532$GNVTG,,,,,,,,,*60
###2023-12-09 10:42:24.430199$GNGST,,,,,,,,*49
###2023-12-09 10:42:24.430795$GNZDA,,,,,,*56
###2023-12-09 10:42:24.431437$GNEBP,,,,,,M*13
###2023-12-09 10:42:24.625795$GNGGA,,,,,,,,,,,,,,*48
###2023-12-09 10:42:24.825867$GNGGA,,,,,,,,,,,,,,*48
###2023-12-09 10:42:25.026647$GNGGA,,,,,,,,,,,,,,*48
###2023-12-09 10:42:25.225321$GNGGA,,,,,,,,,,,,,,*48
###2023-12-09 10:42:25.426307$GNRMC,,,,,,,,,,,,*55
###2023-12-09 10:42:25.427474$GNGGA,,,,,,,,,,,,,,*48
###2023-12-09 10:42:25.428706$GPGSA,A,1,,,,,,,,,,,,,,,*1E
###2023-12-09 10:42:25.430208$GPGSV,1,1,0,,,,,,,,,,,,,,,,*49
###2023-12-09 10:42:25.431125$GNVTG,,,,,,,,,*60
###2023-12-09 10:42:25.431989$GNGST,,,,,,,,*49
###2023-12-09 10:42:25.432955$GNZDA,,,,,,*56
###2023-12-09 10:42:25.433782$GNEBP,,,,,,M*13
###2023-12-09 10:42:25.626440$GNGGA,,,,,,,,,,,,,,*48
###2023-12-09 10:42:25.826624$GNGGA,,,,,,,,,,,,,,*48
###2023-12-09 10:42:26.025696$GNGGA,,,,,,,,,,,,,,*48
###2023-12-09 10:42:26.226146$GNGGA,,,,,,,,,,,,,,*48
###2023-12-09 10:42:26.426871$GNRMC,,,,,,,,,,,,*55
###2023-12-09 10:42:26.427783$GNGGA,,,,,,,,,,,,,,*48
###2023-12-09 10:42:26.428829$GPGSA,A,1,,,,,,,,,,,,,,,*1E
###2023-12-09 10:42:26.429967$GPGSV,1,1,0,,,,,,,,,,,,,,,,*49
###2023-12-09 10:42:26.430681$GNVTG,,,,,,,,,*60
###2023-12-09 10:42:26.431378$GNGST,,,,,,,,*49
###2023-12-09 10:42:26.431994$GNZDA,,,,,,*56
###2023-12-09 10:42:26.432631$GNEBP,,,,,,M*13
###2023-12-09 10:42:26.626874$GNGGA,,,,,,,,,,,,,,*48
###2023-12-09 10:42:26.828007$GNGGA,,,,,,,,,,,,,,*48
###2023-12-09 10:42:27.029779$GNGGA,,,,,,,,,,,,,,*48
###2023-12-09 10:42:27.230780$GNGGA,,,,,,,,,,,,,,*48
###2023-12-09 10:42:27.427495$GNRMC,,,,,,,,,,,,*55
###2023-12-09 10:42:27.428411$GNGGA,,,,,,,,,,,,,,*48
###2023-12-09 10:42:27.429461$GPGSA,A,1,,,,,,,,,,,,,,,*1E
###2023-12-09 10:42:27.430597$GPGSV,1,1,0,,,,,,,,,,,,,,,,*49
###2023-12-09 10:42:27.431327$GNVTG,,,,,,,,,*60
###2023-12-09 10:42:27.432002$GNGST,,,,,,,,*49
###2023-12-09 10:42:27.432607$GNZDA,,,,,,*56
###2023-12-09 10:42:27.433243$GNEBP,,,,,,M*13
###2023-12-09 10:42:27.627509$GNGGA,,,,,,,,,,,,,,*48
###2023-12-09 10:42:27.829767$GNGGA,,,,,,,,,,,,,,*48
###2023-12-09 10:42:28.028691$GNGGA,,,,,,,,,,,,,,*48
###2023-12-09 10:42:28.230205$GNGGA,,,,,,,,,,,,,,*48
###2023-12-09 10:42:28.430052$GNRMC,,,,,,,,,,,,*55
###2023-12-09 10:42:28.431175$GNGGA,,,,,,,,,,,,,,*48
###2023-12-09 10:42:28.432436$GPGSA,A,1,,,,,,,,,,,,,,,*1E
###2023-12-09 10:42:28.433804$GPGSV,1,1,0,,,,,,,,,,,,,,,,*49
###2023-12-09 10:42:28.434653$GNVTG,,,,,,,,,*60
###2023-12-09 10:42:28.435474$GNGST,,,,,,,,*49
###2023-12-09 10:42:28.436211$GNZDA,,,,,,*56
###2023-12-09 10:42:28.436978$GNEBP,,,,,,M*13
###2023-12-09 10:42:28.629307$GNGGA,,,,,,,,,,,,,,*48
###2023-12-09 10:42:28.829398$GNGGA,,,,,,,,,,,,,,*48
###2023-12-09 10:42:29.028518$GNGGA,,,,,,,,,,,,,,*48
###2023-12-09 10:42:29.227771$GNGGA,,,,,,,,,,,,,,*48
###2023-12-09 10:42:29.428803$GNRMC,,,,,,,,,,,,*55
###2023-12-09 10:42:29.430180$GNGGA,,,,,,,,,,,,,,*48
###2023-12-09 10:42:29.431689$GPGSA,A,1,,,,,,,,,,,,,,,*1E
###2023-12-09 10:42:29.433293$GPGSV,1,1,0,,,,,,,,,,,,,,,,*49
###2023-12-09 10:42:29.434363$GNVTG,,,,,,,,,*60
###2023-12-09 10:42:29.435632$GNGST,,,,,,,,*49
###2023-12-09 10:42:29.436804$GNZDA,,,,,,*56
###2023-12-09 10:42:29.437993$GNEBP,,,,,,M*13
###2023-12-09 10:42:29.628724$GNGGA,,,,,,,,,,,,,,*48
###2023-12-09 10:42:29.829878$GNGGA,,,,,,,,,,,,,,*48
###2023-12-09 10:42:30.029039$GNGGA,,,,,,,,,,,,,,*48
###2023-12-09 10:42:30.228282$GNGGA,,,,,,,,,,,,,,*48
###2023-12-09 10:42:30.429176$GNRMC,,,,,,,,,,,,*55
###2023-12-09 10:42:30.430549$GNGGA,,,,,,,,,,,,,,*48
###2023-12-09 10:42:30.432153$GPGSA,A,1,,,,,,,,,,,,,,,*1E
###2023-12-09 10:42:30.433595$GPGSV,1,1,0,,,,,,,,,,,,,,,,*49
###2023-12-09 10:42:30.434723$GNVTG,,,,,,,,,*60
###2023-12-09 10:42:30.435606$GNGST,,,,,,,,*49
###2023-12-09 10:42:30.436390$GNZDA,,,,,,*56
