###2023-12-09 10:47:14.194273$GNGGA,,,,,,,,,,,,,,*48
###2023-12-09 10:47:14.396468$GNRMC,,,,,,,,,,,,*55
###2023-12-09 10:47:14.397379$GNGGA,,,,,,,,,,,,,,*48
###2023-12-09 10:47:14.398430$GPGSA,A,1,,,,,,,,,,,,,,,*1E
###2023-12-09 10:47:14.399604$GPGSV,1,1,0,,,,,,,,,,,,,,,,*49
###2023-12-09 10:47:14.400334$GNVTG,,,,,,,,,*60
###2023-12-09 10:47:14.401022$GNGST,,,,,,,,*49
###2023-12-09 10:47:14.401640$GNZDA,,,,,,*56
###2023-12-09 10:47:14.402285$GNEBP,,,,,,M*13
###2023-12-09 10:47:14.596254$GNGGA,,,,,,,,,,,,,,*48
###2023-12-09 10:47:14.799305$GNGGA,,,,,,,,,,,,,,*48
###2023-12-09 10:47:14.996326$GNGGA,,,,,,,,,,,,,,*48
###2023-12-09 10:47:15.195261$GNGGA,,,,,,,,,,,,,,*48
###2023-12-09 10:47:15.396350$GNRMC,,,,,,,,,,,,*55
###2023-12-09 10:47:15.397263$GNGGA,,,,,,,,,,,,,,*48
###2023-12-09 10:47:15.398318$GPGSA,A,1,,,,,,,,,,,,,,,*1E
###2023-12-09 10:47:15.399497$GPGSV,1,1,0,,,,,,,,,,,,,,,,*49
###2023-12-09 10:47:15.400223$GNVTG,,,,,,,,,*60
###2023-12-09 10:47:15.400910$GNGST,,,,,,,,*49
###2023-12-09 10:47:15.401523$GNZDA,,,,,,*56
###2023-12-09 10:47:15.402171$GNEBP,,,,,,M*13
###2023-12-09 10:47:15.596181$GNGGA,,,,,,,,,,,,,,*48
###2023-12-09 10:47:15.796116$GNGGA,,,,,,,,,,,,,,*48
###2023-12-09 10:47:15.996127$GNGGA,,,,,,,,,,,,,,*48
###2023-12-09 10:47:16.196516$GNGGA,,,,,,,,,,,,,,*48
###2023-12-09 10:47:16.399037$GNRMC,,,,,,,,,,,,*55
###2023-12-09 10:47:16.400137$GNGGA,,,,,,,,,,,,,,*48
###2023-12-09 10:47:16.401340$GPGSA,A,1,,,,,,,,,,,,,,,*1E
###2023-12-09 10:47:16.402637$GPGSV,1,1,0,,,,,,,,,,,,,,,,*49
###2023-12-09 10:47:16.403533$GNVTG,,,,,,,,,*60
###2023-12-09 10:47:16.404368$GNGST,,,,,,,,*49
###2023-12-09 10:47:16.405132$GNZDA,,,,,,*56
###2023-12-09 10:47:16.405937$GNEBP,,,,,,M*13
###2023-12-09 10:47:16.597314$GNGGA,,,,,,,,,,,,,,*48
###2023-12-09 10:47:16.808965$GNGGA,,,,,,,,,,,,,,*48
###2023-12-09 10:47:16.996211$GNGGA,,,,,,,,,,,,,,*48
###2023-12-09 10:47:17.198274$GNGGA,,,,,,,,,,,,,,*48
###2023-12-09 10:47:17.397327$GNRMC,,,,,,,,,,,,*55
###2023-12-09 10:47:17.398459$GNGGA,,,,,,,,,,,,,,*48
###2023-12-09 10:47:17.399689$GPGSA,A,1,,,,,,,,,,,,,,,*1E
###2023-12-09 10:47:17.400998$GPGSV,1,1,0,,,,,,,,,,,,,,,,*49
###2023-12-09 10:47:17.401881$GNVTG,,,,,,,,,*60
###2023-12-09 10:47:17.402730$GNGST,,,,,,,,*49
###2023-12-09 10:47:17.403525$GNZDA,,,,,,*56
###2023-12-09 10:47:17.404339$GNEBP,,,,,,M*13
###2023-12-09 10:47:17.597421$GNGGA,,,,,,,,,,,,,,*48
###2023-12-09 10:47:17.797098$GNGGA,,,,,,,,,,,,,,*48
###2023-12-09 10:47:17.994988$GNGGA,,,,,,,,,,,,,,*48
###2023-12-09 10:47:18.196002$GNGGA,,,,,,,,,,,,,,*48
###2023-12-09 10:47:18.397177$GNRMC,,,,,,,,,,,,*55
###2023-12-09 10:47:18.398261$GNGGA,,,,,,,,,,,,,,*48
###2023-12-09 10:47:18.399335$GPGSA,A,1,,,,,,,,,,,,,,,*1E
###2023-12-09 10:47:18.400469$GPGSV,1,1,0,,,,,,,,,,,,,,,,*49
###2023-12-09 10:47:18.401189$GNVTG,,,,,,,,,*60
###2023-12-09 10:47:18.401873$GNGST,,,,,,,,*49
###2023-12-09 10:47:18.402482$GNZDA,,,,,,*56
###2023-12-09 10:47:18.403144$GNEBP,,,,,,M*13
###2023-12-09 10:47:18.597092$GNGGA,,,,,,,,,,,,,,*48
###2023-12-09 10:47:18.797023$GNGGA,,,,,,,,,,,,,,*48
###2023-12-09 10:47:18.996643$GNGGA,,,,,,,,,,,,,,*48
###2023-12-09 10:47:19.195233$GNGGA,,,,,,,,,,,,,,*48
###2023-12-09 10:47:19.396215$GNRMC,,,,,,,,,,,,*55
###2023-12-09 10:47:19.397121$GNGGA,,,,,,,,,,,,,,*48
###2023-12-09 10:47:19.398146$GPGSA,A,1,,,,,,,,,,,,,,,*1E
###2023-12-09 10:47:19.399289$GPGSV,1,1,0,,,,,,,,,,,,,,,,*49
###2023-12-09 10:47:19.399990$GNVTG,,,,,,,,,*60
###2023-12-09 10:47:19.400654$GNGST,,,,,,,,*49
###2023-12-09 10:47:19.401253$GNZDA,,,,,,*56
###2023-12-09 10:47:19.401880$GNEBP,,,,,,M*13
###2023-12-09 10:47:19.597032$GNGGA,,,,,,,,,,,,,,*48
###2023-12-09 10:47:19.797471$GNGGA,,,,,,,,,,,,,,*48
###2023-12-09 10:47:19.995130$GNGGA,,,,,,,,,,,,,,*48
###2023-12-09 10:47:20.197480$GNGGA,,,,,,,,,,,,,,*48
###2023-12-09 10:47:20.396200$GNRMC,,,,,,,,,,,,*55
###2023-12-09 10:47:20.397366$GNGGA,,,,,,,,,,,,,,*48
###2023-12-09 10:47:20.398592$GPGSA,A,1,,,,,,,,,,,,,,,*1E
###2023-12-09 10:47:20.400122$GPGSV,1,1,0,,,,,,,,,,,,,,,,*49
###2023-12-09 10:47:20.401031$GNVTG,,,,,,,,,*60
###2023-12-09 10:47:20.401894$GNGST,,,,,,,,*49
###2023-12-09 10:47:20.402676$GNZDA,,,,,,*56
###2023-12-09 10:47:20.403498$GNEBP,,,,,,M*13
###2023-12-09 10:47:20.596082$GNGGA,,,,,,,,,,,,,,*48
###2023-12-09 10:47:20.795789$GNGGA,,,,,,,,,,,,,,*48
###2023-12-09 10:47:20.995900$GNGGA,,,,,,,,,,,,,,*48
###2023-12-09 10:47:21.194000$GNGGA,,,,,,,,,,,,,,*48
###2023-12-09 10:47:21.395055$GNRMC,,,,,,,,,,,,*55
###2023-12-09 10:47:21.396153$GNGGA,,,,,,,,,,,,,,*48
###2023-12-09 10:47:21.397359$GPGSA,A,1,,,,,,,,,,,,,,,*1E
###2023-12-09 10:47:21.398516$GPGSV,1,1,0,,,,,,,,,,,,,,,,*49
###2023-12-09 10:47:21.399261$GNVTG,,,,,,,,,*60
###2023-12-09 10:47:21.399959$GNGST,,,,,,,,*49
###2023-12-09 10:47:21.400584$GNZDA,,,,,,*56
###2023-12-09 10:47:21.401234$GNEBP,,,,,,M*13
###2023-12-09 10:47:21.594775$GNGGA,,,,,,,,,,,,,,*48
###2023-12-09 10:47:21.794830$GNGGA,,,,,,,,,,,,,,*48
###2023-12-09 10:47:21.994148$GNGGA,,,,,,,,,,,,,,*48
###2023-12-09 10:47:22.194005$GNGGA,,,,,,,,,,,,,,*48
###2023-12-09 10:47:22.396000$GNRMC,,,,,,,,,,,,*55
###2023-12-09 10:47:22.396916$GNGGA,,,,,,,,,,,,,,*48
###2023-12-09 10:47:22.397965$GPGSA,A,1,,,,,,,,,,,,,,,*1E
