###2023-12-09 10:57:21.432221$GNEBP,,,,,,M*13
###2023-12-09 10:57:21.624777$GNGGA,,,,,,,,,,,,,,*48
###2023-12-09 10:57:21.823909$GNGGA,,,,,,,,,,,,,,*48
###2023-12-09 10:57:22.023571$GNGGA,,,,,,,,,,,,,,*48
###2023-12-09 10:57:22.223641$GNGGA,,,,,,,,,,,,,,*48
###2023-12-09 10:57:22.424540$GNRMC,,,,,,,,,,,,*55
###2023-12-09 10:57:22.425692$GNGGA,,,,,,,,,,,,,,*48
###2023-12-09 10:57:22.426994$GPGSA,A,1,,,,,,,,,,,,,,,*1E
###2023-12-09 10:57:22.428328$GPGSV,1,1,0,,,,,,,,,,,,,,,,*49
###2023-12-09 10:57:22.429235$GNVTG,,,,,,,,,*60
###2023-12-09 10:57:22.430088$GNGST,,,,,,,,*49
###2023-12-09 10:57:22.430884$GNZDA,,,,,,*56
###2023-12-09 10:57:22.431890$GNEBP,,,,,,M*13
###2023-12-09 10:57:22.624649$GNGGA,,,,,,,,,,,,,,*48
###2023-12-09 10:57:22.824653$GNGGA,,,,,,,,,,,,,,*48
###2023-12-09 10:57:23.022458$GNGGA,,,,,,,,,,,,,,*48
###2023-12-09 10:57:23.222766$GNGGA,,,,,,,,,,,,,,*48
###2023-12-09 10:57:23.422361$GNRMC,,,,,,,,,,,,*55
###2023-12-09 10:57:23.423509$GNGGA,,,,,,,,,,,,,,*48
###2023-12-09 10:57:23.424741$GPGSA,A,1,,,,,,,,,,,,,,,*1E
###2023-12-09 10:57:23.426239$GPGSV,1,1,0,,,,,,,,,,,,,,,,*49
###2023-12-09 10:57:23.427158$GNVTG,,,,,,,,,*60
###2023-12-09 10:57:23.428021$GNGST,,,,,,,,*49
###2023-12-09 10:57:23.428806$GNZDA,,,,,,*56
###2023-12-09 10:57:23.429614$GNEBP,,,,,,M*13
###2023-12-09 10:57:23.623990$GNGGA,,,,,,,,,,,,,,*48
###2023-12-09 10:57:23.824084$GNGGA,,,,,,,,,,,,,,*48
###2023-12-09 10:57:24.023746$GNGGA,,,,,,,,,,,,,,*48
###2023-12-09 10:57:24.222338$GNGGA,,,,,,,,,,,,,,*48
###2023-12-09 10:57:24.423674$GNRMC,,,,,,,,,,,,*55
###2023-12-09 10:57:24.424600$GNGGA,,,,,,,,,,,,,,*48
###2023-12-09 10:57:24.425662$GPGSA,A,1,,,,,,,,,,,,,,,*1E
###2023-12-09 10:57:24.426804$GPGSV,1,1,0,,,,,,,,,,,,,,,,*49
###2023-12-09 10:57:24.427546$GNVTG,,,,,,,,,*60
###2023-12-09 10:57:24.428242$GNGST,,,,,,,,*49
###2023-12-09 10:57:24.428865$GNZDA,,,,,,*56
###2023-12-09 10:57:24.429513$GNEBP,,,,,,M*13
###2023-12-09 10:57:24.622559$GNGGA,,,,,,,,,,,,,,*48
###2023-12-09 10:57:24.822630$GNGGA,,,,,,,,,,,,,,*48
###2023-12-09 10:57:25.022462$GNGGA,,,,,,,,,,,,,,*48
###2023-12-09 10:57:25.222243$GNGGA,,,,,,,,,,,,,,*48
###2023-12-09 10:57:25.422718$GNRMC,,,,,,,,,,,,*55
###2023-12-09 10:57:25.423888$GNGGA,,,,,,,,,,,,,,*48
###2023-12-09 10:57:25.425189$GPGSA,A,1,,,,,,,,,,,,,,,*1E
###2023-12-09 10:57:25.426603$GPGSV,1,1,0,,,,,,,,,,,,,,,,*49
###2023-12-09 10:57:25.427761$GNVTG,,,,,,,,,*60
###2023-12-09 10:57:25.428805$GNGST,,,,,,,,*49
###2023-12-09 10:57:25.429636$GNZDA,,,,,,*56
###2023-12-09 10:57:25.430453$GNEBP,,,,,,M*13
###2023-12-09 10:57:25.621644$GNGGA,,,,,,,,,,,,,,*48
###2023-12-09 10:57:25.822939$GNGGA,,,,,,,,,,,,,,*48
###2023-12-09 10:57:26.022512$GNGGA,,,,,,,,,,,,,,*48
###2023-12-09 10:57:26.221594$GNGGA,,,,,,,,,,,,,,*48
###2023-12-09 10:57:26.422579$GNRMC,,,,,,,,,,,,*55
###2023-12-09 10:57:26.423803$GNGGA,,,,,,,,,,,,,,*48
###2023-12-09 10:57:26.425124$GPGSA,A,1,,,,,,,,,,,,,,,*1E
###2023-12-09 10:57:26.426544$GPGSV,1,1,0,,,,,,,,,,,,,,,,*49
###2023-12-09 10:57:26.427509$GNVTG,,,,,,,,,*60
###2023-12-09 10:57:26.428367$GNGST,,,,,,,,*49
###2023-12-09 10:57:26.429147$GNZDA,,,,,,*56
###2023-12-09 10:57:26.429963$GNEBP,,,,,,M*13
###2023-12-09 10:57:26.622748$GNGGA,,,,,,,,,,,,,,*48
###2023-12-09 10:57:26.823262$GNGGA,,,,,,,,,,,,,,*48
###2023-12-09 10:57:27.022599$GNGGA,,,,,,,,,,,,,,*48
###2023-12-09 10:57:27.221785$GNGGA,,,,,,,,,,,,,,*48
###2023-12-09 10:57:27.422434$GNRMC,,,,,,,,,,,,*55
###2023-12-09 10:57:27.423439$GNGGA,,,,,,,,,,,,,,*48
###2023-12-09 10:57:27.424559$GPGSA,A,1,,,,,,,,,,,,,,,*1E
###2023-12-09 10:57:27.425771$GPGSV,1,1,0,,,,,,,,,,,,,,,,*49
###2023-12-09 10:57:27.426536$GNVTG,,,,,,,,,*60
###2023-12-09 10:57:27.427275$GNGST,,,,,,,,*49
###2023-12-09 10:57:27.427942$GNZDA,,,,,,*56
###2023-12-09 10:57:27.428641$GNEBP,,,,,,M*13
###2023-12-09 10:57:27.623382$GNGGA,,,,,,,,,,,,,,*48
###2023-12-09 10:57:27.822735$GNGGA,,,,,,,,,,,,,,*48
###2023-12-09 10:57:28.023432$GNGGA,,,,,,,,,,,,,,*48
###2023-12-09 10:57:28.227907$GNGGA,,,,,,,,,,,,,,*48
###2023-12-09 10:57:28.422572$GNRMC,,,,,,,,,,,,*55
###2023-12-09 10:57:28.424008$GNGGA,,,,,,,,,,,,,,*48
###2023-12-09 10:57:28.425501$GPGSA,A,1,,,,,,,,,,,,,,,*1E
###2023-12-09 10:57:28.427337$GPGSV,1,1,0,,,,,,,,,,,,,,,,*49
###2023-12-09 10:57:28.428438$GNVTG,,,,,,,,,*60
###2023-12-09 10:57:28.429483$GNGST,,,,,,,,*49
###2023-12-09 10:57:28.430641$GNZDA,,,,,,*56
###2023-12-09 10:57:28.431660$GNEBP,,,,,,M*13
###2023-12-09 10:57:28.622684$GNGGA,,,,,,,,,,,,,,*48
###2023-12-09 10:57:28.822719$GNGGA,,,,,,,,,,,,,,*48
###2023-12-09 10:57:29.032522$GNGGA,,,,,,,,,,,,,,*48
###2023-12-09 10:57:29.220734$GNGGA,,,,,,,,,,,,,,*48
###2023-12-09 10:57:29.422439$GNRMC,,,,,,,,,,,,*55
###2023-12-09 10:57:29.423837$GNGGA,,,,,,,,,,,,,,*48
###2023-12-09 10:57:29.425326$GPGSA,A,1,,,,,,,,,,,,,,,*1E
###2023-12-09 10:57:29.427153$GPGSV,1,1,0,,,,,,,,,,,,,,,,*49
###2023-12-09 10:57:29.428257$GNVTG,,,,,,,,,*60
###2023-12-09 10:57:29.429298$GNGST,,,,,,,,*49
###2023-12-09 10:57:29.430463$GNZDA,,,,,,*56
###2023-12-09 10:57:29.431687$GNEBP,,,,,,M*13
###2023-12-09 10:57:29.622611$GNGGA,,,,,,,,,,,,,,*48
###2023-12-09 10:57:29.822698$GNGGA,,,,,,,,,,,,,,*48
###2023-12-09 10:57:30.022470$GNGGA,,,,,,,,,,,,,,*48
