###2023-12-09 10:44:35.404367$GNEBP,,,,,,M*13
###2023-12-09 10:44:35.597836$GNGGA,,,,,,,,,,,,,,*48
###2023-12-09 10:44:35.797460$GNGGA,,,,,,,,,,,,,,*48
###2023-12-09 10:44:35.999304$GNGGA,,,,,,,,,,,,,,*48
###2023-12-09 10:44:36.196403$GNGGA,,,,,,,,,,,,,,*48
###2023-12-09 10:44:36.397141$GNRMC,,,,,,,,,,,,*55
###2023-12-09 10:44:36.398252$GNGGA,,,,,,,,,,,,,,*48
###2023-12-09 10:44:36.399341$GPGSA,A,1,,,,,,,,,,,,,,,*1E
###2023-12-09 10:44:36.400484$GPGSV,1,1,0,,,,,,,,,,,,,,,,*49
###2023-12-09 10:44:36.401210$GNVTG,,,,,,,,,*60
###2023-12-09 10:44:36.401891$GNGST,,,,,,,,*49
###2023-12-09 10:44:36.402508$GNZDA,,,,,,*56
###2023-12-09 10:44:36.403180$GNEBP,,,,,,M*13
###2023-12-09 10:44:36.597002$GNGGA,,,,,,,,,,,,,,*48
###2023-12-09 10:44:36.796809$GNGGA,,,,,,,,,,,,,,*48
###2023-12-09 10:44:36.994568$GNGGA,,,,,,,,,,,,,,*48
###2023-12-09 10:44:37.196014$GNGGA,,,,,,,,,,,,,,*48
###2023-12-09 10:44:37.396515$GNRMC,,,,,,,,,,,,*55
###2023-12-09 10:44:37.397632$GNGGA,,,,,,,,,,,,,,*48
###2023-12-09 10:44:37.398861$GPGSA,A,1,,,,,,,,,,,,,,,*1E
###2023-12-09 10:44:37.400169$GPGSV,1,1,0,,,,,,,,,,,,,,,,*49
###2023-12-09 10:44:37.401057$GNVTG,,,,,,,,,*60
###2023-12-09 10:44:37.401896$GNGST,,,,,,,,*49
###2023-12-09 10:44:37.402673$GNZDA,,,,,,*56
###2023-12-09 10:44:37.403498$GNEBP,,,,,,M*13
###2023-12-09 10:44:37.596294$GNGGA,,,,,,,,,,,,,,*48
###2023-12-09 10:44:37.795890$GNGGA,,,,,,,,,,,,,,*48
###2023-12-09 10:44:37.996929$GNGGA,,,,,,,,,,,,,,*48
###2023-12-09 10:44:38.194811$GNGGA,,,,,,,,,,,,,,*48
###2023-12-09 10:44:38.395586$GNRMC,,,,,,,,,,,,*55
###2023-12-09 10:44:38.396504$GNGGA,,,,,,,,,,,,,,*48
###2023-12-09 10:44:38.397559$GPGSA,A,1,,,,,,,,,,,,,,,*1E
###2023-12-09 10:44:38.398706$GPGSV,1,1,0,,,,,,,,,,,,,,,,*49
###2023-12-09 10:44:38.399442$GNVTG,,,,,,,,,*60
###2023-12-09 10:44:38.400124$GNGST,,,,,,,,*49
###2023-12-09 10:44:38.400743$GNZDA,,,,,,*56
###2023-12-09 10:44:38.401390$GNEBP,,,,,,M*13
###2023-12-09 10:44:38.594938$GNGGA,,,,,,,,,,,,,,*48
###2023-12-09 10:44:38.794299$GNGGA,,,,,,,,,,,,,,*48
###2023-12-09 10:44:38.996466$GNGGA,,,,,,,,,,,,,,*48
###2023-12-09 10:44:39.194032$GNGGA,,,,,,,,,,,,,,*48
###2023-12-09 10:44:39.394809$GNRMC,,,,,,,,,,,,*55
###2023-12-09 10:44:39.395922$GNGGA,,,,,,,,,,,,,,*48
###2023-12-09 10:44:39.396977$GPGSA,A,1,,,,,,,,,,,,,,,*1E
###2023-12-09 10:44:39.398117$GPGSV,1,1,0,,,,,,,,,,,,,,,,*49
###2023-12-09 10:44:39.398839$GNVTG,,,,,,,,,*60
###2023-12-09 10:44:39.399547$GNGST,,,,,,,,*49
###2023-12-09 10:44:39.400162$GNZDA,,,,,,*56
###2023-12-09 10:44:39.400807$GNEBP,,,,,,M*13
###2023-12-09 10:44:39.593786$GNGGA,,,,,,,,,,,,,,*48
###2023-12-09 10:44:39.794279$GNGGA,,,,,,,,,,,,,,*48
###2023-12-09 10:44:39.993219$GNGGA,,,,,,,,,,,,,,*48
###2023-12-09 10:44:40.193263$GNGGA,,,,,,,,,,,,,,*48
###2023-12-09 10:44:40.393003$GNRMC,,,,,,,,,,,,*55
###2023-12-09 10:44:40.393917$GNGGA,,,,,,,,,,,,,,*48
###2023-12-09 10:44:40.394995$GPGSA,A,1,,,,,,,,,,,,,,,*1E
###2023-12-09 10:44:40.396144$GPGSV,1,1,0,,,,,,,,,,,,,,,,*49
###2023-12-09 10:44:40.396873$GNVTG,,,,,,,,,*60
###2023-12-09 10:44:40.397558$GNGST,,,,,,,,*49
###2023-12-09 10:44:40.398170$GNZDA,,,,,,*56
###2023-12-09 10:44:40.398813$GNEBP,,,,,,M*13
###2023-12-09 10:44:40.592892$GNGGA,,,,,,,,,,,,,,*48
###2023-12-09 10:44:40.793797$GNGGA,,,,,,,,,,,,,,*48
###2023-12-09 10:44:40.992556$GNGGA,,,,,,,,,,,,,,*48
###2023-12-09 10:44:41.192575$GNGGA,,,,,,,,,,,,,,*48
###2023-12-09 10:44:41.393348$GNRMC,,,,,,,,,,,,*55
###2023-12-09 10:44:41.394252$GNGGA,,,,,,,,,,,,,,*48
###2023-12-09 10:44:41.395309$GPGSA,A,1,,,,,,,,,,,,,,,*1E
###2023-12-09 10:44:41.396440$GPGSV,1,1,0,,,,,,,,,,,,,,,,*49
###2023-12-09 10:44:41.397144$GNVTG,,,,,,,,,*60
###2023-12-09 10:44:41.397811$GNGST,,,,,,,,*49
###2023-12-09 10:44:41.398411$GNZDA,,,,,,*56
###2023-12-09 10:44:41.399057$GNEBP,,,,,,M*13
###2023-12-09 10:44:41.592447$GNGGA,,,,,,,,,,,,,,*48
###2023-12-09 10:44:41.791048$GNGGA,,,,,,,,,,,,,,*48
###2023-12-09 10:44:41.992483$GNGGA,,,,,,,,,,,,,,*48
###2023-12-09 10:44:42.190227$GNGGA,,,,,,,,,,,,,,*48
###2023-12-09 10:44:42.390958$GNRMC,,,,,,,,,,,,*55
###2023-12-09 10:44:42.392040$GNGGA,,,,,,,,,,,,,,*48
###2023-12-09 10:44:42.393123$GPGSA,A,1,,,,,,,,,,,,,,,*1E
###2023-12-09 10:44:42.394329$GPGSV,1,1,0,,,,,,,,,,,,,,,,*49
###2023-12-09 10:44:42.395147$GNVTG,,,,,,,,,*60
###2023-12-09 10:44:42.395863$GNGST,,,,,,,,*49
###2023-12-09 10:44:42.396491$GNZDA,,,,,,*56
###2023-12-09 10:44:42.397137$GNEBP,,,,,,M*13
###2023-12-09 10:44:42.590609$GNGGA,,,,,,,,,,,,,,*48
###2023-12-09 10:44:42.790458$GNGGA,,,,,,,,,,,,,,*48
###2023-12-09 10:44:42.989329$GNGGA,,,,,,,,,,,,,,*48
###2023-12-09 10:44:43.189475$GNGGA,,,,,,,,,,,,,,*48
###2023-12-09 10:44:43.390455$GNRMC,,,,,,,,,,,,*55
###2023-12-09 10:44:43.391934$GNGGA,,,,,,,,,,,,,,*48
###2023-12-09 10:44:43.393254$GPGSA,A,1,,,,,,,,,,,,,,,*1E
###2023-12-09 10:44:43.394910$GPGSV,1,1,0,,,,,,,,,,,,,,,,*49
###2023-12-09 10:44:43.395823$GNVTG,,,,,,,,,*60
###2023-12-09 10:44:43.396673$GNGST,,,,,,,,*49
###2023-12-09 10:44:43.397444$GNZDA,,,,,,*56
###2023-12-09 10:44:43.398259$GNEBP,,,,,,M*13
###2023-12-09 10:44:43.590078$GNGGA,,,,,,,,,,,,,,*48
###2023-12-09 10:44:43.789810$GNGGA,,,,,,,,,,,,,,*48
###2023-12-09 10:44:43.988795$GNGGA,,,,,,,,,,,,,,*48
