###2023-12-09 10:58:03.429759$GPGSV,1,1,0,,,,,,,,,,,,,,,,*49
###2023-12-09 10:58:03.430512$GNVTG,,,,,,,,,*60
###2023-12-09 10:58:03.431249$GNGST,,,,,,,,*49
###2023-12-09 10:58:03.431870$GNZDA,,,,,,*56
###2023-12-09 10:58:03.432517$GNEBP,,,,,,M*13
###2023-12-09 10:58:03.625679$GNGGA,,,,,,,,,,,,,,*48
###2023-12-09 10:58:03.827348$GNGGA,,,,,,,,,,,,,,*48
###2023-12-09 10:58:04.026491$GNGGA,,,,,,,,,,,,,,*48
###2023-12-09 10:58:04.243546$GNGGA,,,,,,,,,,,,,,*48
###2023-12-09 10:58:04.427831$GNRMC,,,,,,,,,,,,*55
###2023-12-09 10:58:04.428739$GNGGA,,,,,,,,,,,,,,*48
###2023-12-09 10:58:04.429787$GPGSA,A,1,,,,,,,,,,,,,,,*1E
###2023-12-09 10:58:04.430959$GPGSV,1,1,0,,,,,,,,,,,,,,,,*49
###2023-12-09 10:58:04.431692$GNVTG,,,,,,,,,*60
###2023-12-09 10:58:04.432384$GNGST,,,,,,,,*49
###2023-12-09 10:58:04.432999$GNZDA,,,,,,*56
###2023-12-09 10:58:04.433640$GNEBP,,,,,,M*13
###2023-12-09 10:58:04.626496$GNGGA,,,,,,,,,,,,,,*48
###2023-12-09 10:58:04.826836$GNGGA,,,,,,,,,,,,,,*48
###2023-12-09 10:58:05.026991$GNGGA,,,,,,,,,,,,,,*48
###2023-12-09 10:58:05.227329$GNGGA,,,,,,,,,,,,,,*48
###2023-12-09 10:58:05.425737$GNRMC,,,,,,,,,,,,*55
###2023-12-09 10:58:05.426830$GNGGA,,,,,,,,,,,,,,*48
###2023-12-09 10:58:05.428066$GPGSA,A,1,,,,,,,,,,,,,,,*1E
###2023-12-09 10:58:05.429369$GPGSV,1,1,0,,,,,,,,,,,,,,,,*49
###2023-12-09 10:58:05.430260$GNVTG,,,,,,,,,*60
###2023-12-09 10:58:05.431110$GNGST,,,,,,,,*49
###2023-12-09 10:58:05.431874$GNZDA,,,,,,*56
###2023-12-09 10:58:05.432677$GNEBP,,,,,,M*13
###2023-12-09 10:58:05.625598$GNGGA,,,,,,,,,,,,,,*48
###2023-12-09 10:58:05.826459$GNGGA,,,,,,,,,,,,,,*48
###2023-12-09 10:58:06.026411$GNGGA,,,,,,,,,,,,,,*48
###2023-12-09 10:58:06.224414$GNGGA,,,,,,,,,,,,,,*48
###2023-12-09 10:58:06.427344$GNRMC,,,,,,,,,,,,*55
###2023-12-09 10:58:06.428429$GNGGA,,,,,,,,,,,,,,*48
###2023-12-09 10:58:06.429623$GPGSA,A,1,,,,,,,,,,,,,,,*1E
###2023-12-09 10:58:06.430769$GPGSV,1,1,0,,,,,,,,,,,,,,,,*49
###2023-12-09 10:58:06.431510$GNVTG,,,,,,,,,*60
###2023-12-09 10:58:06.432202$GNGST,,,,,,,,*49
###2023-12-09 10:58:06.432826$GNZDA,,,,,,*56
###2023-12-09 10:58:06.433474$GNEBP,,,,,,M*13
###2023-12-09 10:58:06.625616$GNGGA,,,,,,,,,,,,,,*48
###2023-12-09 10:58:06.826175$GNGGA,,,,,,,,,,,,,,*48
###2023-12-09 10:58:07.027300$GNGGA,,,,,,,,,,,,,,*48
###2023-12-09 10:58:07.226963$GNGGA,,,,,,,,,,,,,,*48
###2023-12-09 10:58:07.424765$GNRMC,,,,,,,,,,,,*55
###2023-12-09 10:58:07.425880$GNGGA,,,,,,,,,,,,,,*48
###2023-12-09 10:58:07.427123$GPGSA,A,1,,,,,,,,,,,,,,,*1E
###2023-12-09 10:58:07.428455$GPGSV,1,1,0,,,,,,,,,,,,,,,,*49
###2023-12-09 10:58:07.429336$GNVTG,,,,,,,,,*60
###2023-12-09 10:58:07.430173$GNGST,,,,,,,,*49
###2023-12-09 10:58:07.430950$GNZDA,,,,,,*56
###2023-12-09 10:58:07.431771$GNEBP,,,,,,M*13
###2023-12-09 10:58:07.626397$GNGGA,,,,,,,,,,,,,,*48
###2023-12-09 10:58:07.825520$GNGGA,,,,,,,,,,,,,,*48
###2023-12-09 10:58:08.025664$GNGGA,,,,,,,,,,,,,,*48
###2023-12-09 10:58:08.224634$GNGGA,,,,,,,,,,,,,,*48
###2023-12-09 10:58:08.425202$GNRMC,,,,,,,,,,,,*55
###2023-12-09 10:58:08.426309$GNGGA,,,,,,,,,,,,,,*48
###2023-12-09 10:58:08.427394$GPGSA,A,1,,,,,,,,,,,,,,,*1E
###2023-12-09 10:58:08.428532$GPGSV,1,1,0,,,,,,,,,,,,,,,,*49
###2023-12-09 10:58:08.429251$GNVTG,,,,,,,,,*60
###2023-12-09 10:58:08.429929$GNGST,,,,,,,,*49
###2023-12-09 10:58:08.430539$GNZDA,,,,,,*56
###2023-12-09 10:58:08.431202$GNEBP,,,,,,M*13
###2023-12-09 10:58:08.625757$GNGGA,,,,,,,,,,,,,,*48
###2023-12-09 10:58:08.825676$GNGGA,,,,,,,,,,,,,,*48
###2023-12-09 10:58:09.026396$GNGGA,,,,,,,,,,,,,,*48
###2023-12-09 10:58:09.224492$GNGGA,,,,,,,,,,,,,,*48
###2023-12-09 10:58:09.429290$GNRMC,,,,,,,,,,,,*55
###2023-12-09 10:58:09.430205$GNGGA,,,,,,,,,,,,,,*48
###2023-12-09 10:58:09.431283$GPGSA,A,1,,,,,,,,,,,,,,,*1E
###2023-12-09 10:58:09.432424$GPGSV,1,1,0,,,,,,,,,,,,,,,,*49
###2023-12-09 10:58:09.433143$GNVTG,,,,,,,,,*60
###2023-12-09 10:58:09.433820$GNGST,,,,,,,,*49
###2023-12-09 10:58:09.434431$GNZDA,,,,,,*56
###2023-12-09 10:58:09.435090$GNEBP,,,,,,M*13
###2023-12-09 10:58:09.627900$GNGGA,,,,,,,,,,,,,,*48
###2023-12-09 10:58:09.827148$GNGGA,,,,,,,,,,,,,,*48
###2023-12-09 10:58:10.026477$GNGGA,,,,,,,,,,,,,,*48
###2023-12-09 10:58:10.229647$GNGGA,,,,,,,,,,,,,,*48
###2023-12-09 10:58:10.428596$GNRMC,,,,,,,,,,,,*55
###2023-12-09 10:58:10.429520$GNGGA,,,,,,,,,,,,,,*48
###2023-12-09 10:58:10.430583$GPGSA,A,1,,,,,,,,,,,,,,,*1E
###2023-12-09 10:58:10.431765$GPGSV,1,1,0,,,,,,,,,,,,,,,,*49
###2023-12-09 10:58:10.432489$GNVTG,,,,,,,,,*60
###2023-12-09 10:58:10.433173$GNGST,,,,,,,,*49
###2023-12-09 10:58:10.433789$GNZDA,,,,,,*56
###2023-12-09 10:58:10.434436$GNEBP,,,,,,M*13
###2023-12-09 10:58:10.624463$GNGGA,,,,,,,,,,,,,,*48
###2023-12-09 10:58:10.825681$GNGGA,,,,,,,,,,,,,,*48
###2023-12-09 10:58:11.025456$GNGGA,,,,,,,,,,,,,,*48
###2023-12-09 10:58:11.225456$GNGGA,,,,,,,,,,,,,,*48
###2023-12-09 10:58:11.427598$GNRMC,,,,,,,,,,,,*55
###2023-12-09 10:58:11.428508$GNGGA,,,,,,,,,,,,,,*48
###2023-12-09 10:58:11.429564$GPGSA,A,1,,,,,,,,,,,,,,,*1E
###2023-12-09 10:58:11.430709$GPGSV,1,1,0,,,,,,,,,,,,,,,,*49
###2023-12-09 10:58:11.431450$GNVTG,,,,,,,,,*60
###2023-12-09 10:58:11.432133$GNGST,,,,,,,,*49
###2023-12-09 10:58:11.432745$GNZDA,,,,,,*56
