###2023-12-09 10:39:35.505445$GNEBP,,,,,,M*13
###2023-12-09 10:39:35.506516$GNGGA,,,,,,,,,,,,,,*48
###2023-12-09 10:39:35.507564$GNGGA,,,,,,,,,,,,,,*48
###2023-12-09 10:39:35.508685$GNGGA,,,,,,,,,,,,,,*48
###2023-12-09 10:39:35.509754$GNGGA,,,,,,,,,,,,,,*48
###2023-12-09 10:39:35.510737$GNRMC,,,,,,,,,,,,*55
###2023-12-09 10:39:35.511834$GNGGA,,,,,,,,,,,,,,*48
###2023-12-09 10:39:35.513193$GPGSA,A,1,,,,,,,,,,,,,,,*1E
###2023-12-09 10:39:35.514654$GPGSV,1,1,0,,,,,,,,,,,,,,,,*49
###2023-12-09 10:39:35.515923$GNVTG,,,,,,,,,*60
###2023-12-09 10:39:35.517305$GNGST,,,,,,,,*49
###2023-12-09 10:39:35.518212$GNZDA,,,,,,*56
###2023-12-09 10:39:35.519078$GNEBP,,,,,,M*13
###2023-12-09 10:39:35.580862$GNGGA,,,,,,,,,,,,,,*48
###2023-12-09 10:39:35.785166$GNGGA,,,,,,,,,,,,,,*48
###2023-12-09 10:39:35.979992$GNGGA,,,,,,,,,,,,,,*48
###2023-12-09 10:39:36.183045$GNGGA,,,,,,,,,,,,,,*48
###2023-12-09 10:39:36.380935$GNRMC,,,,,,,,,,,,*55
###2023-12-09 10:39:36.381842$GNGGA,,,,,,,,,,,,,,*48
###2023-12-09 10:39:36.382873$GPGSA,A,1,,,,,,,,,,,,,,,*1E
###2023-12-09 10:39:36.384019$GPGSV,1,1,0,,,,,,,,,,,,,,,,*49
###2023-12-09 10:39:36.384757$GNVTG,,,,,,,,,*60
###2023-12-09 10:39:36.385431$GNGST,,,,,,,,*49
###2023-12-09 10:39:36.386035$GNZDA,,,,,,*56
###2023-12-09 10:39:36.386668$GNEBP,,,,,,M*13
###2023-12-09 10:39:36.581114$GNGGA,,,,,,,,,,,,,,*48
###2023-12-09 10:39:36.782983$GNGGA,,,,,,,,,,,,,,*48
###2023-12-09 10:39:36.979969$GNGGA,,,,,,,,,,,,,,*48
###2023-12-09 10:39:37.180484$GNGGA,,,,,,,,,,,,,,*48
###2023-12-09 10:39:37.380921$GNRMC,,,,,,,,,,,,*55
###2023-12-09 10:39:37.382024$GNGGA,,,,,,,,,,,,,,*48
###2023-12-09 10:39:37.383228$GPGSA,A,1,,,,,,,,,,,,,,,*1E
###2023-12-09 10:39:37.384388$GPGSV,1,1,0,,,,,,,,,,,,,,,,*49
###2023-12-09 10:39:37.385132$GNVTG,,,,,,,,,*60
###2023-12-09 10:39:37.385807$GNGST,,,,,,,,*49
###2023-12-09 10:39:37.386413$GNZDA,,,,,,*56
###2023-12-09 10:39:37.387049$GNEBP,,,,,,M*13
###2023-12-09 10:39:37.580893$GNGGA,,,,,,,,,,,,,,*48
###2023-12-09 10:39:37.781013$GNGGA,,,,,,,,,,,,,,*48
###2023-12-09 10:39:37.984324$GNGGA,,,,,,,,,,,,,,*48
###2023-12-09 10:39:38.180526$GNGGA,,,,,,,,,,,,,,*48
###2023-12-09 10:39:38.381005$GNRMC,,,,,,,,,,,,*55
###2023-12-09 10:39:38.382099$GNGGA,,,,,,,,,,,,,,*48
###2023-12-09 10:39:38.383273$GPGSA,A,1,,,,,,,,,,,,,,,*1E
###2023-12-09 10:39:38.384597$GPGSV,1,1,0,,,,,,,,,,,,,,,,*49
###2023-12-09 10:39:38.385437$GNVTG,,,,,,,,,*60
###2023-12-09 10:39:38.386212$GNGST,,,,,,,,*49
###2023-12-09 10:39:38.386919$GNZDA,,,,,,*56
###2023-12-09 10:39:38.387656$GNEBP,,,,,,M*13
###2023-12-09 10:39:38.580933$GNGGA,,,,,,,,,,,,,,*48
###2023-12-09 10:39:38.780830$GNGGA,,,,,,,,,,,,,,*48
###2023-12-09 10:39:38.985433$GNGGA,,,,,,,,,,,,,,*48
###2023-12-09 10:39:39.182848$GNGGA,,,,,,,,,,,,,,*48
###2023-12-09 10:39:39.381285$GNRMC,,,,,,,,,,,,*55
###2023-12-09 10:39:39.382474$GNGGA,,,,,,,,,,,,,,*48
###2023-12-09 10:39:39.383781$GPGSA,A,1,,,,,,,,,,,,,,,*1E
###2023-12-09 10:39:39.385203$GPGSV,1,1,0,,,,,,,,,,,,,,,,*49
###2023-12-09 10:39:39.386070$GNVTG,,,,,,,,,*60
###2023-12-09 10:39:39.386887$GNGST,,,,,,,,*49
###2023-12-09 10:39:39.387619$GNZDA,,,,,,*56
###2023-12-09 10:39:39.388386$GNEBP,,,,,,M*13
###2023-12-09 10:39:39.582024$GNGGA,,,,,,,,,,,,,,*48
###2023-12-09 10:39:39.781670$GNGGA,,,,,,,,,,,,,,*48
###2023-12-09 10:39:39.979973$GNGGA,,,,,,,,,,,,,,*48
###2023-12-09 10:39:40.183443$GNGGA,,,,,,,,,,,,,,*48
###2023-12-09 10:39:40.383509$GNRMC,,,,,,,,,,,,*55
###2023-12-09 10:39:40.384779$GNGGA,,,,,,,,,,,,,,*48
###2023-12-09 10:39:40.385853$GPGSA,A,1,,,,,,,,,,,,,,,*1E
###2023-12-09 10:39:40.387007$GPGSV,1,1,0,,,,,,,,,,,,,,,,*49
###2023-12-09 10:39:40.387733$GNVTG,,,,,,,,,*60
###2023-12-09 10:39:40.388418$GNGST,,,,,,,,*49
###2023-12-09 10:39:40.389055$GNZDA,,,,,,*56
###2023-12-09 10:39:40.389695$GNEBP,,,,,,M*13
###2023-12-09 10:39:40.583118$GNGGA,,,,,,,,,,,,,,*48
###2023-12-09 10:39:40.782824$GNGGA,,,,,,,,,,,,,,*48
###2023-12-09 10:39:40.980774$GNGGA,,,,,,,,,,,,,,*48
###2023-12-09 10:39:41.181025$GNGGA,,,,,,,,,,,,,,*48
###2023-12-09 10:39:41.381788$GNRMC,,,,,,,,,,,,*55
###2023-12-09 10:39:41.382705$GNGGA,,,,,,,,,,,,,,*48
###2023-12-09 10:39:41.383769$GPGSA,A,1,,,,,,,,,,,,,,,*1E
###2023-12-09 10:39:41.384978$GPGSV,1,1,0,,,,,,,,,,,,,,,,*49
###2023-12-09 10:39:41.385706$GNVTG,,,,,,,,,*60
###2023-12-09 10:39:41.386382$GNGST,,,,,,,,*49
###2023-12-09 10:39:41.386988$GNZDA,,,,,,*56
###2023-12-09 10:39:41.387623$GNEBP,,,,,,M*13
###2023-12-09 10:39:41.581700$GNGGA,,,,,,,,,,,,,,*48
###2023-12-09 10:39:41.781651$GNGGA,,,,,,,,,,,,,,*48
###2023-12-09 10:39:41.984000$GNGGA,,,,,,,,,,,,,,*48
###2023-12-09 10:39:42.181714$GNGGA,,,,,,,,,,,,,,*48
###2023-12-09 10:39:42.381857$GNRMC,,,,,,,,,,,,*55
###2023-12-09 10:39:42.383002$GNGGA,,,,,,,,,,,,,,*48
###2023-12-09 10:39:42.384267$GPGSA,A,1,,,,,,,,,,,,,,,*1E
###2023-12-09 10:39:42.385697$GPGSV,1,1,0,,,,,,,,,,,,,,,,*49
###2023-12-09 10:39:42.386601$GNVTG,,,,,,,,,*60
###2023-12-09 10:39:42.387295$GNGST,,,,,,,,*49
###2023-12-09 10:39:42.387911$GNZDA,,,,,,*56
###2023-12-09 10:39:42.388571$GNEBP,,,,,,M*13
###2023-12-09 10:39:42.580949$GNGGA,,,,,,,,,,,,,,*48
###2023-12-09 10:39:42.781984$GNGGA,,,,,,,,,,,,,,*48
###2023-12-09 10:39:42.979913$GNGGA,,,,,,,,,,,,,,*48
