###2023-12-09 10:43:37.409803$GPGSV,1,1,0,,,,,,,,,,,,,,,,*49
###2023-12-09 10:43:37.410546$GNVTG,,,,,,,,,*60
###2023-12-09 10:43:37.411310$GNGST,,,,,,,,*49
###2023-12-09 10:43:37.411935$GNZDA,,,,,,*56
###2023-12-09 10:43:37.412591$GNEBP,,,,,,M*13
###2023-12-09 10:43:37.604950$GNGGA,,,,,,,,,,,,,,*48
###2023-12-09 10:43:37.805835$GNGGA,,,,,,,,,,,,,,*48
###2023-12-09 10:43:38.004900$GNGGA,,,,,,,,,,,,,,*48
###2023-12-09 10:43:38.205478$GNGGA,,,,,,,,,,,,,,*48
###2023-12-09 10:43:38.406078$GNRMC,,,,,,,,,,,,*55
###2023-12-09 10:43:38.407201$GNGGA,,,,,,,,,,,,,,*48
###2023-12-09 10:43:38.408260$GPGSA,A,1,,,,,,,,,,,,,,,*1E
###2023-12-09 10:43:38.409406$GPGSV,1,1,0,,,,,,,,,,,,,,,,*49
###2023-12-09 10:43:38.410135$GNVTG,,,,,,,,,*60
###2023-12-09 10:43:38.410834$GNGST,,,,,,,,*49
###2023-12-09 10:43:38.411473$GNZDA,,,,,,*56
###2023-12-09 10:43:38.412118$GNEBP,,,,,,M*13
###2023-12-09 10:43:38.605975$GNGGA,,,,,,,,,,,,,,*48
###2023-12-09 10:43:38.807563$GNGGA,,,,,,,,,,,,,,*48
###2023-12-09 10:43:39.004989$GNGGA,,,,,,,,,,,,,,*48
###2023-12-09 10:43:39.205654$GNGGA,,,,,,,,,,,,,,*48
###2023-12-09 10:43:39.405057$GNRMC,,,,,,,,,,,,*55
###2023-12-09 10:43:39.406151$GNGGA,,,,,,,,,,,,,,*48
###2023-12-09 10:43:39.407389$GPGSA,A,1,,,,,,,,,,,,,,,*1E
###2023-12-09 10:43:39.408691$GPGSV,1,1,0,,,,,,,,,,,,,,,,*49
###2023-12-09 10:43:39.409558$GNVTG,,,,,,,,,*60
###2023-12-09 10:43:39.410391$GNGST,,,,,,,,*49
###2023-12-09 10:43:39.411164$GNZDA,,,,,,*56
###2023-12-09 10:43:39.411959$GNEBP,,,,,,M*13
###2023-12-09 10:43:39.606027$GNGGA,,,,,,,,,,,,,,*48
###2023-12-09 10:43:39.805977$GNGGA,,,,,,,,,,,,,,*48
###2023-12-09 10:43:40.005004$GNGGA,,,,,,,,,,,,,,*48
###2023-12-09 10:43:40.205774$GNGGA,,,,,,,,,,,,,,*48
###2023-12-09 10:43:40.406244$GNRMC,,,,,,,,,,,,*55
###2023-12-09 10:43:40.407191$GNGGA,,,,,,,,,,,,,,*48
###2023-12-09 10:43:40.408238$GPGSA,A,1,,,,,,,,,,,,,,,*1E
###2023-12-09 10:43:40.409381$GPGSV,1,1,0,,,,,,,,,,,,,,,,*49
###2023-12-09 10:43:40.410104$GNVTG,,,,,,,,,*60
###2023-12-09 10:43:40.410792$GNGST,,,,,,,,*49
###2023-12-09 10:43:40.411419$GNZDA,,,,,,*56
###2023-12-09 10:43:40.412066$GNEBP,,,,,,M*13
###2023-12-09 10:43:40.606177$GNGGA,,,,,,,,,,,,,,*48
###2023-12-09 10:43:40.805910$GNGGA,,,,,,,,,,,,,,*48
###2023-12-09 10:43:41.005069$GNGGA,,,,,,,,,,,,,,*48
###2023-12-09 10:43:41.204216$GNGGA,,,,,,,,,,,,,,*48
###2023-12-09 10:43:41.406105$GNRMC,,,,,,,,,,,,*55
###2023-12-09 10:43:41.407210$GNGGA,,,,,,,,,,,,,,*48
###2023-12-09 10:43:41.408257$GPGSA,A,1,,,,,,,,,,,,,,,*1E
###2023-12-09 10:43:41.409394$GPGSV,1,1,0,,,,,,,,,,,,,,,,*49
###2023-12-09 10:43:41.410109$GNVTG,,,,,,,,,*60
###2023-12-09 10:43:41.410790$GNGST,,,,,,,,*49
###2023-12-09 10:43:41.411424$GNZDA,,,,,,*56
###2023-12-09 10:43:41.412073$GNEBP,,,,,,M*13
###2023-12-09 10:43:41.606123$GNGGA,,,,,,,,,,,,,,*48
###2023-12-09 10:43:41.805973$GNGGA,,,,,,,,,,,,,,*48
###2023-12-09 10:43:42.008427$GNGGA,,,,,,,,,,,,,,*48
###2023-12-09 10:43:42.205242$GNGGA,,,,,,,,,,,,,,*48
###2023-12-09 10:43:42.406209$GNRMC,,,,,,,,,,,,*55
###2023-12-09 10:43:42.407168$GNGGA,,,,,,,,,,,,,,*48
###2023-12-09 10:43:42.408223$GPGSA,A,1,,,,,,,,,,,,,,,*1E
###2023-12-09 10:43:42.409368$GPGSV,1,1,0,,,,,,,,,,,,,,,,*49
###2023-12-09 10:43:42.410090$GNVTG,,,,,,,,,*60
###2023-12-09 10:43:42.410786$GNGST,,,,,,,,*49
###2023-12-09 10:43:42.411422$GNZDA,,,,,,*56
###2023-12-09 10:43:42.412072$GNEBP,,,,,,M*13
###2023-12-09 10:43:42.606116$GNGGA,,,,,,,,,,,,,,*48
###2023-12-09 10:43:42.806078$GNGGA,,,,,,,,,,,,,,*48
###2023-12-09 10:43:43.005985$GNGGA,,,,,,,,,,,,,,*48
###2023-12-09 10:43:43.206762$GNGGA,,,,,,,,,,,,,,*48
###2023-12-09 10:43:43.406245$GNRMC,,,,,,,,,,,,*55
###2023-12-09 10:43:43.407196$GNGGA,,,,,,,,,,,,,,*48
###2023-12-09 10:43:43.408257$GPGSA,A,1,,,,,,,,,,,,,,,*1E
###2023-12-09 10:43:43.409410$GPGSV,1,1,0,,,,,,,,,,,,,,,,*49
###2023-12-09 10:43:43.410136$GNVTG,,,,,,,,,*60
###2023-12-09 10:43:43.410822$GNGST,,,,,,,,*49
###2023-12-09 10:43:43.411463$GNZDA,,,,,,*56
###2023-12-09 10:43:43.412122$GNEBP,,,,,,M*13
###2023-12-09 10:43:43.606148$GNGGA,,,,,,,,,,,,,,*48
###2023-12-09 10:43:43.806134$GNGGA,,,,,,,,,,,,,,*48
###2023-12-09 10:43:44.005234$GNGGA,,,,,,,,,,,,,,*48
###2023-12-09 10:43:44.205790$GNGGA,,,,,,,,,,,,,,*48
###2023-12-09 10:43:44.406327$GNRMC,,,,,,,,,,,,*55
###2023-12-09 10:43:44.407272$GNGGA,,,,,,,,,,,,,,*48
###2023-12-09 10:43:44.408326$GPGSA,A,1,,,,,,,,,,,,,,,*1E
###2023-12-09 10:43:44.409468$GPGSV,1,1,0,,,,,,,,,,,,,,,,*49
###2023-12-09 10:43:44.410184$GNVTG,,,,,,,,,*60
###2023-12-09 10:43:44.410879$GNGST,,,,,,,,*49
###2023-12-09 10:43:44.411488$GNZDA,,,,,,*56
###2023-12-09 10:43:44.412125$GNEBP,,,,,,M*13
###2023-12-09 10:43:44.606242$GNGGA,,,,,,,,,,,,,,*48
###2023-12-09 10:43:44.806211$GNGGA,,,,,,,,,,,,,,*48
###2023-12-09 10:43:45.005300$GNGGA,,,,,,,,,,,,,,*48
###2023-12-09 10:43:45.208890$GNGGA,,,,,,,,,,,,,,*48
###2023-12-09 10:43:45.407990$GNRMC,,,,,,,,,,,,*55
###2023-12-09 10:43:45.409065$GNGGA,,,,,,,,,,,,,,*48
###2023-12-09 10:43:45.410215$GPGSA,A,1,,,,,,,,,,,,,,,*1E
###2023-12-09 10:43:45.411462$GPGSV,1,1,0,,,,,,,,,,,,,,,,*49
###2023-12-09 10:43:45.412271$GNVTG,,,,,,,,,*60
###2023-12-09 10:43:45.413038$GNGST,,,,,,,,*49
###2023-12-09 10:43:45.413736$GNZDA,,,,,,*56
