###2023-12-09 10:48:29.198949$GNGGA,,,,,,,,,,,,,,*48
###2023-12-09 10:48:29.400216$GNRMC,,,,,,,,,,,,*55
###2023-12-09 10:48:29.401317$GNGGA,,,,,,,,,,,,,,*48
###2023-12-09 10:48:29.402376$GPGSA,A,1,,,,,,,,,,,,,,,*1E
###2023-12-09 10:48:29.403549$GPGSV,1,1,0,,,,,,,,,,,,,,,,*49
###2023-12-09 10:48:29.404280$GNVTG,,,,,,,,,*60
###2023-12-09 10:48:29.404967$GNGST,,,,,,,,*49
###2023-12-09 10:48:29.405585$GNZDA,,,,,,*56
###2023-12-09 10:48:29.406237$GNEBP,,,,,,M*13
###2023-12-09 10:48:29.599858$GNGGA,,,,,,,,,,,,,,*48
###2023-12-09 10:48:29.801495$GNGGA,,,,,,,,,,,,,,*48
###2023-12-09 10:48:29.999288$GNGGA,,,,,,,,,,,,,,*48
###2023-12-09 10:48:30.199190$GNGGA,,,,,,,,,,,,,,*48
###2023-12-09 10:48:30.401194$GNRMC,,,,,,,,,,,,*55
###2023-12-09 10:48:30.402104$GNGGA,,,,,,,,,,,,,,*48
###2023-12-09 10:48:30.403189$GPGSA,A,1,,,,,,,,,,,,,,,*1E
###2023-12-09 10:48:30.404333$GPGSV,1,1,0,,,,,,,,,,,,,,,,*49
###2023-12-09 10:48:30.405054$GNVTG,,,,,,,,,*60
###2023-12-09 10:48:30.405734$GNGST,,,,,,,,*49
###2023-12-09 10:48:30.406347$GNZDA,,,,,,*56
###2023-12-09 10:48:30.407021$GNEBP,,,,,,M*13
###2023-12-09 10:48:30.600141$GNGGA,,,,,,,,,,,,,,*48
###2023-12-09 10:48:30.799418$GNGGA,,,,,,,,,,,,,,*48
###2023-12-09 10:48:30.999379$GNGGA,,,,,,,,,,,,,,*48
###2023-12-09 10:48:31.199267$GNGGA,,,,,,,,,,,,,,*48
###2023-12-09 10:48:31.401831$GNRMC,,,,,,,,,,,,*55
###2023-12-09 10:48:31.404182$GNGGA,,,,,,,,,,,,,,*48
###2023-12-09 10:48:31.406764$GPGSA,A,1,,,,,,,,,,,,,,,*1E
###2023-12-09 10:48:31.409606$GPGSV,1,1,0,,,,,,,,,,,,,,,,*49
###2023-12-09 10:48:31.411458$GNVTG,,,,,,,,,*60
###2023-12-09 10:48:31.412309$GNGST,,,,,,,,*49
###2023-12-09 10:48:31.413318$GNZDA,,,,,,*56
###2023-12-09 10:48:31.414137$GNEBP,,,,,,M*13
###2023-12-09 10:48:31.600072$GNGGA,,,,,,,,,,,,,,*48
###2023-12-09 10:48:31.802347$GNGGA,,,,,,,,,,,,,,*48
###2023-12-09 10:48:32.000291$GNGGA,,,,,,,,,,,,,,*48
###2023-12-09 10:48:32.200089$GNGGA,,,,,,,,,,,,,,*48
###2023-12-09 10:48:32.401856$GNRMC,,,,,,,,,,,,*55
###2023-12-09 10:48:32.402994$GNGGA,,,,,,,,,,,,,,*48
###2023-12-09 10:48:32.404048$GPGSA,A,1,,,,,,,,,,,,,,,*1E
###2023-12-09 10:48:32.405196$GPGSV,1,1,0,,,,,,,,,,,,,,,,*49
###2023-12-09 10:48:32.405923$GNVTG,,,,,,,,,*60
###2023-12-09 10:48:32.406607$GNGST,,,,,,,,*49
###2023-12-09 10:48:32.407238$GNZDA,,,,,,*56
###2023-12-09 10:48:32.407885$GNEBP,,,,,,M*13
###2023-12-09 10:48:32.602011$GNGGA,,,,,,,,,,,,,,*48
###2023-12-09 10:48:32.802434$GNGGA,,,,,,,,,,,,,,*48
###2023-12-09 10:48:33.000487$GNGGA,,,,,,,,,,,,,,*48
###2023-12-09 10:48:33.200319$GNGGA,,,,,,,,,,,,,,*48
###2023-12-09 10:48:33.402039$GNRMC,,,,,,,,,,,,*55
###2023-12-09 10:48:33.403156$GNGGA,,,,,,,,,,,,,,*48
###2023-12-09 10:48:33.404372$GPGSA,A,1,,,,,,,,,,,,,,,*1E
###2023-12-09 10:48:33.405526$GPGSV,1,1,0,,,,,,,,,,,,,,,,*49
###2023-12-09 10:48:33.406254$GNVTG,,,,,,,,,*60
###2023-12-09 10:48:33.406955$GNGST,,,,,,,,*49
###2023-12-09 10:48:33.407568$GNZDA,,,,,,*56
###2023-12-09 10:48:33.408212$GNEBP,,,,,,M*13
###2023-12-09 10:48:33.602781$GNGGA,,,,,,,,,,,,,,*48
###2023-12-09 10:48:33.802207$GNGGA,,,,,,,,,,,,,,*48
###2023-12-09 10:48:34.001450$GNGGA,,,,,,,,,,,,,,*48
###2023-12-09 10:48:34.202824$GNGGA,,,,,,,,,,,,,,*48
###2023-12-09 10:48:34.402121$GNRMC,,,,,,,,,,,,*55
###2023-12-09 10:48:34.403329$GNGGA,,,,,,,,,,,,,,*48
###2023-12-09 10:48:34.404633$GPGSA,A,1,,,,,,,,,,,,,,,*1E
###2023-12-09 10:48:34.406041$GPGSV,1,1,0,,,,,,,,,,,,,,,,*49
###2023-12-09 10:48:34.406954$GNVTG,,,,,,,,,*60
###2023-12-09 10:48:34.407817$GNGST,,,,,,,,*49
###2023-12-09 10:48:34.408757$GNZDA,,,,,,*56
###2023-12-09 10:48:34.409630$GNEBP,,,,,,M*13
###2023-12-09 10:48:34.601955$GNGGA,,,,,,,,,,,,,,*48
###2023-12-09 10:48:34.805022$GNGGA,,,,,,,,,,,,,,*48
###2023-12-09 10:48:35.000301$GNGGA,,,,,,,,,,,,,,*48
###2023-12-09 10:48:35.204518$GNGGA,,,,,,,,,,,,,,*48
###2023-12-09 10:48:35.401322$GNRMC,,,,,,,,,,,,*55
###2023-12-09 10:48:35.402429$GNGGA,,,,,,,,,,,,,,*48
###2023-12-09 10:48:35.403657$GPGSA,A,1,,,,,,,,,,,,,,,*1E
###2023-12-09 10:48:35.404960$GPGSV,1,1,0,,,,,,,,,,,,,,,,*49
###2023-12-09 10:48:35.405839$GNVTG,,,,,,,,,*60
###2023-12-09 10:48:35.406674$GNGST,,,,,,,,*49
###2023-12-09 10:48:35.407452$GNZDA,,,,,,*56
###2023-12-09 10:48:35.408256$GNEBP,,,,,,M*13
###2023-12-09 10:48:35.601685$GNGGA,,,,,,,,,,,,,,*48
###2023-12-09 10:48:35.800578$GNGGA,,,,,,,,,,,,,,*48
###2023-12-09 10:48:36.000452$GNGGA,,,,,,,,,,,,,,*48
###2023-12-09 10:48:36.200373$GNGGA,,,,,,,,,,,,,,*48
###2023-12-09 10:48:36.400490$GNRMC,,,,,,,,,,,,*55
###2023-12-09 10:48:36.401564$GNGGA,,,,,,,,,,,,,,*48
###2023-12-09 10:48:36.402615$GPGSA,A,1,,,,,,,,,,,,,,,*1E
###2023-12-09 10:48:36.403792$GPGSV,1,1,0,,,,,,,,,,,,,,,,*49
###2023-12-09 10:48:36.404516$GNVTG,,,,,,,,,*60
###2023-12-09 10:48:36.405199$GNGST,,,,,,,,*49
###2023-12-09 10:48:36.405815$GNZDA,,,,,,*56
###2023-12-09 10:48:36.406469$GNEBP,,,,,,M*13
###2023-12-09 10:48:36.601278$GNGGA,,,,,,,,,,,,,,*48
###2023-12-09 10:48:36.801621$GNGGA,,,,,,,,,,,,,,*48
###2023-12-09 10:48:37.000380$GNGGA,,,,,,,,,,,,,,*48
###2023-12-09 10:48:37.200456$GNGGA,,,,,,,,,,,,,,*48
###2023-12-09 10:48:37.401470$GNRMC,,,,,,,,,,,,*55
###2023-12-09 10:48:37.402585$GNGGA,,,,,,,,,,,,,,*48
###2023-12-09 10:48:37.403820$GPGSA,A,1,,,,,,,,,,,,,,,*1E
