###2023-12-09 10:44:19.211597$GNGGA,,,,,,,,,,,,,,*48
###2023-12-09 10:44:19.411488$GNRMC,,,,,,,,,,,,*55
###2023-12-09 10:44:19.412401$GNGGA,,,,,,,,,,,,,,*48
###2023-12-09 10:44:19.413455$GPGSA,A,1,,,,,,,,,,,,,,,*1E
###2023-12-09 10:44:19.414597$GPGSV,1,1,0,,,,,,,,,,,,,,,,*49
###2023-12-09 10:44:19.415341$GNVTG,,,,,,,,,*60
###2023-12-09 10:44:19.416033$GNGST,,,,,,,,*49
###2023-12-09 10:44:19.416649$GNZDA,,,,,,*56
###2023-12-09 10:44:19.417299$GNEBP,,,,,,M*13
###2023-12-09 10:44:19.611437$GNGGA,,,,,,,,,,,,,,*48
###2023-12-09 10:44:19.811410$GNGGA,,,,,,,,,,,,,,*48
###2023-12-09 10:44:20.010642$GNGGA,,,,,,,,,,,,,,*48
###2023-12-09 10:44:20.214761$GNGGA,,,,,,,,,,,,,,*48
###2023-12-09 10:44:20.411703$GNRMC,,,,,,,,,,,,*55
###2023-12-09 10:44:20.412619$GNGGA,,,,,,,,,,,,,,*48
###2023-12-09 10:44:20.413672$GPGSA,A,1,,,,,,,,,,,,,,,*1E
###2023-12-09 10:44:20.414813$GPGSV,1,1,0,,,,,,,,,,,,,,,,*49
###2023-12-09 10:44:20.415567$GNVTG,,,,,,,,,*60
###2023-12-09 10:44:20.416261$GNGST,,,,,,,,*49
###2023-12-09 10:44:20.416880$GNZDA,,,,,,*56
###2023-12-09 10:44:20.417525$GNEBP,,,,,,M*13
###2023-12-09 10:44:20.611572$GNGGA,,,,,,,,,,,,,,*48
###2023-12-09 10:44:20.812029$GNGGA,,,,,,,,,,,,,,*48
###2023-12-09 10:44:21.010617$GNGGA,,,,,,,,,,,,,,*48
###2023-12-09 10:44:21.210790$GNGGA,,,,,,,,,,,,,,*48
###2023-12-09 10:44:21.411837$GNRMC,,,,,,,,,,,,*55
###2023-12-09 10:44:21.413031$GNGGA,,,,,,,,,,,,,,*48
###2023-12-09 10:44:21.414272$GPGSA,A,1,,,,,,,,,,,,,,,*1E
###2023-12-09 10:44:21.415474$GPGSV,1,1,0,,,,,,,,,,,,,,,,*49
###2023-12-09 10:44:21.416226$GNVTG,,,,,,,,,*60
###2023-12-09 10:44:21.416905$GNGST,,,,,,,,*49
###2023-12-09 10:44:21.417513$GNZDA,,,,,,*56
###2023-12-09 10:44:21.418152$GNEBP,,,,,,M*13
###2023-12-09 10:44:21.611798$GNGGA,,,,,,,,,,,,,,*48
###2023-12-09 10:44:21.811978$GNGGA,,,,,,,,,,,,,,*48
###2023-12-09 10:44:22.010788$GNGGA,,,,,,,,,,,,,,*48
###2023-12-09 10:44:22.211093$GNGGA,,,,,,,,,,,,,,*48
###2023-12-09 10:44:22.413516$GNRMC,,,,,,,,,,,,*55
###2023-12-09 10:44:22.414483$GNGGA,,,,,,,,,,,,,,*48
###2023-12-09 10:44:22.415608$GPGSA,A,1,,,,,,,,,,,,,,,*1E
###2023-12-09 10:44:22.416780$GPGSV,1,1,0,,,,,,,,,,,,,,,,*49
###2023-12-09 10:44:22.417526$GNVTG,,,,,,,,,*60
###2023-12-09 10:44:22.418230$GNGST,,,,,,,,*49
###2023-12-09 10:44:22.418883$GNZDA,,,,,,*56
###2023-12-09 10:44:22.419558$GNEBP,,,,,,M*13
###2023-12-09 10:44:22.611779$GNGGA,,,,,,,,,,,,,,*48
###2023-12-09 10:44:22.811764$GNGGA,,,,,,,,,,,,,,*48
###2023-12-09 10:44:23.010772$GNGGA,,,,,,,,,,,,,,*48
###2023-12-09 10:44:23.210585$GNGGA,,,,,,,,,,,,,,*48
###2023-12-09 10:44:23.411204$GNRMC,,,,,,,,,,,,*55
###2023-12-09 10:44:23.412362$GNGGA,,,,,,,,,,,,,,*48
###2023-12-09 10:44:23.413596$GPGSA,A,1,,,,,,,,,,,,,,,*1E
###2023-12-09 10:44:23.415120$GPGSV,1,1,0,,,,,,,,,,,,,,,,*49
###2023-12-09 10:44:23.416040$GNVTG,,,,,,,,,*60
###2023-12-09 10:44:23.416904$GNGST,,,,,,,,*49
###2023-12-09 10:44:23.417690$GNZDA,,,,,,*56
###2023-12-09 10:44:23.418501$GNEBP,,,,,,M*13
###2023-12-09 10:44:23.610656$GNGGA,,,,,,,,,,,,,,*48
###2023-12-09 10:44:23.810278$GNGGA,,,,,,,,,,,,,,*48
###2023-12-09 10:44:24.010030$GNGGA,,,,,,,,,,,,,,*48
###2023-12-09 10:44:24.208731$GNGGA,,,,,,,,,,,,,,*48
###2023-12-09 10:44:24.409604$GNRMC,,,,,,,,,,,,*55
###2023-12-09 10:44:24.410737$GNGGA,,,,,,,,,,,,,,*48
###2023-12-09 10:44:24.411996$GPGSA,A,1,,,,,,,,,,,,,,,*1E
###2023-12-09 10:44:24.413510$GPGSV,1,1,0,,,,,,,,,,,,,,,,*49
###2023-12-09 10:44:24.414421$GNVTG,,,,,,,,,*60
###2023-12-09 10:44:24.415476$GNGST,,,,,,,,*49
###2023-12-09 10:44:24.416278$GNZDA,,,,,,*56
###2023-12-09 10:44:24.417097$GNEBP,,,,,,M*13
###2023-12-09 10:44:24.609066$GNGGA,,,,,,,,,,,,,,*48
###2023-12-09 10:44:24.808737$GNGGA,,,,,,,,,,,,,,*48
###2023-12-09 10:44:25.008228$GNGGA,,,,,,,,,,,,,,*48
###2023-12-09 10:44:25.207154$GNGGA,,,,,,,,,,,,,,*48
###2023-12-09 10:44:25.408222$GNRMC,,,,,,,,,,,,*55
###2023-12-09 10:44:25.409141$GNGGA,,,,,,,,,,,,,,*48
###2023-12-09 10:44:25.410190$GPGSA,A,1,,,,,,,,,,,,,,,*1E
###2023-12-09 10:44:25.411355$GPGSV,1,1,0,,,,,,,,,,,,,,,,*49
###2023-12-09 10:44:25.412072$GNVTG,,,,,,,,,*60
###2023-12-09 10:44:25.412753$GNGST,,,,,,,,*49
###2023-12-09 10:44:25.413364$GNZDA,,,,,,*56
###2023-12-09 10:44:25.414007$GNEBP,,,,,,M*13
###2023-12-09 10:44:25.607351$GNGGA,,,,,,,,,,,,,,*48
###2023-12-09 10:44:25.807037$GNGGA,,,,,,,,,,,,,,*48
###2023-12-09 10:44:26.005544$GNGGA,,,,,,,,,,,,,,*48
###2023-12-09 10:44:26.211321$GNGGA,,,,,,,,,,,,,,*48
###2023-12-09 10:44:26.407148$GNRMC,,,,,,,,,,,,*55
###2023-12-09 10:44:26.408294$GNGGA,,,,,,,,,,,,,,*48
###2023-12-09 10:44:26.409523$GPGSA,A,1,,,,,,,,,,,,,,,*1E
###2023-12-09 10:44:26.410857$GPGSV,1,1,0,,,,,,,,,,,,,,,,*49
###2023-12-09 10:44:26.411959$GNVTG,,,,,,,,,*60
###2023-12-09 10:44:26.412827$GNGST,,,,,,,,*49
###2023-12-09 10:44:26.413610$GNZDA,,,,,,*56
###2023-12-09 10:44:26.414420$GNEBP,,,,,,M*13
###2023-12-09 10:44:26.605911$GNGGA,,,,,,,,,,,,,,*48
###2023-12-09 10:44:26.805929$GNGGA,,,,,,,,,,,,,,*48
###2023-12-09 10:44:27.003953$GNGGA,,,,,,,,,,,,,,*48
###2023-12-09 10:44:27.208200$GNGGA,,,,,,,,,,,,,,*48
###2023-12-09 10:44:27.405594$GNRMC,,,,,,,,,,,,*55
###2023-12-09 10:44:27.406738$GNGGA,,,,,,,,,,,,,,*48
###2023-12-09 10:44:27.408007$GPGSA,A,1,,,,,,,,,,,,,,,*1E
