###2023-12-09 10:56:23.426120$GPGSV,1,1,0,,,,,,,,,,,,,,,,*49
###2023-12-09 10:56:23.427080$GNVTG,,,,,,,,,*60
###2023-12-09 10:56:23.427945$GNGST,,,,,,,,*49
###2023-12-09 10:56:23.428711$GNZDA,,,,,,*56
###2023-12-09 10:56:23.429530$GNEBP,,,,,,M*13
###2023-12-09 10:56:23.621907$GNGGA,,,,,,,,,,,,,,*48
###2023-12-09 10:56:23.821990$GNGGA,,,,,,,,,,,,,,*48
###2023-12-09 10:56:24.021839$GNGGA,,,,,,,,,,,,,,*48
###2023-12-09 10:56:24.221043$GNGGA,,,,,,,,,,,,,,*48
###2023-12-09 10:56:24.421682$GNRMC,,,,,,,,,,,,*55
###2023-12-09 10:56:24.422783$GNGGA,,,,,,,,,,,,,,*48
###2023-12-09 10:56:24.424021$GPGSA,A,1,,,,,,,,,,,,,,,*1E
###2023-12-09 10:56:24.425326$GPGSV,1,1,0,,,,,,,,,,,,,,,,*49
###2023-12-09 10:56:24.426195$GNVTG,,,,,,,,,*60
###2023-12-09 10:56:24.427029$GNGST,,,,,,,,*49
###2023-12-09 10:56:24.427790$GNZDA,,,,,,*56
###2023-12-09 10:56:24.428574$GNEBP,,,,,,M*13
###2023-12-09 10:56:24.621944$GNGGA,,,,,,,,,,,,,,*48
###2023-12-09 10:56:24.824851$GNGGA,,,,,,,,,,,,,,*48
###2023-12-09 10:56:25.021995$GNGGA,,,,,,,,,,,,,,*48
###2023-12-09 10:56:25.221477$GNGGA,,,,,,,,,,,,,,*48
###2023-12-09 10:56:25.422768$GNRMC,,,,,,,,,,,,*55
###2023-12-09 10:56:25.423698$GNGGA,,,,,,,,,,,,,,*48
###2023-12-09 10:56:25.424726$GPGSA,A,1,,,,,,,,,,,,,,,*1E
###2023-12-09 10:56:25.425851$GPGSV,1,1,0,,,,,,,,,,,,,,,,*49
###2023-12-09 10:56:25.426556$GNVTG,,,,,,,,,*60
###2023-12-09 10:56:25.427231$GNGST,,,,,,,,*49
###2023-12-09 10:56:25.427829$GNZDA,,,,,,*56
###2023-12-09 10:56:25.428461$GNEBP,,,,,,M*13
###2023-12-09 10:56:25.623021$GNGGA,,,,,,,,,,,,,,*48
###2023-12-09 10:56:25.821905$GNGGA,,,,,,,,,,,,,,*48
###2023-12-09 10:56:26.021994$GNGGA,,,,,,,,,,,,,,*48
###2023-12-09 10:56:26.221076$GNGGA,,,,,,,,,,,,,,*48
###2023-12-09 10:56:26.422087$GNRMC,,,,,,,,,,,,*55
###2023-12-09 10:56:26.423299$GNGGA,,,,,,,,,,,,,,*48
###2023-12-09 10:56:26.424604$GPGSA,A,1,,,,,,,,,,,,,,,*1E
###2023-12-09 10:56:26.426229$GPGSV,1,1,0,,,,,,,,,,,,,,,,*49
###2023-12-09 10:56:26.427166$GNVTG,,,,,,,,,*60
###2023-12-09 10:56:26.428022$GNGST,,,,,,,,*49
###2023-12-09 10:56:26.429013$GNZDA,,,,,,*56
###2023-12-09 10:56:26.429838$GNEBP,,,,,,M*13
###2023-12-09 10:56:26.621995$GNGGA,,,,,,,,,,,,,,*48
###2023-12-09 10:56:26.822082$GNGGA,,,,,,,,,,,,,,*48
###2023-12-09 10:56:27.022067$GNGGA,,,,,,,,,,,,,,*48
###2023-12-09 10:56:27.221118$GNGGA,,,,,,,,,,,,,,*48
###2023-12-09 10:56:27.422354$GNRMC,,,,,,,,,,,,*55
###2023-12-09 10:56:27.423797$GNGGA,,,,,,,,,,,,,,*48
###2023-12-09 10:56:27.425124$GPGSA,A,1,,,,,,,,,,,,,,,*1E
###2023-12-09 10:56:27.426562$GPGSV,1,1,0,,,,,,,,,,,,,,,,*49
###2023-12-09 10:56:27.427489$GNVTG,,,,,,,,,*60
###2023-12-09 10:56:27.428346$GNGST,,,,,,,,*49
###2023-12-09 10:56:27.429130$GNZDA,,,,,,*56
###2023-12-09 10:56:27.429987$GNEBP,,,,,,M*13
###2023-12-09 10:56:27.621835$GNGGA,,,,,,,,,,,,,,*48
###2023-12-09 10:56:27.822017$GNGGA,,,,,,,,,,,,,,*48
###2023-12-09 10:56:28.021630$GNGGA,,,,,,,,,,,,,,*48
###2023-12-09 10:56:28.220779$GNGGA,,,,,,,,,,,,,,*48
###2023-12-09 10:56:28.421582$GNRMC,,,,,,,,,,,,*55
###2023-12-09 10:56:28.422690$GNGGA,,,,,,,,,,,,,,*48
###2023-12-09 10:56:28.423775$GPGSA,A,1,,,,,,,,,,,,,,,*1E
###2023-12-09 10:56:28.424925$GPGSV,1,1,0,,,,,,,,,,,,,,,,*49
###2023-12-09 10:56:28.425647$GNVTG,,,,,,,,,*60
###2023-12-09 10:56:28.426327$GNGST,,,,,,,,*49
###2023-12-09 10:56:28.426954$GNZDA,,,,,,*56
###2023-12-09 10:56:28.427600$GNEBP,,,,,,M*13
###2023-12-09 10:56:28.622789$GNGGA,,,,,,,,,,,,,,*48
###2023-12-09 10:56:28.821860$GNGGA,,,,,,,,,,,,,,*48
###2023-12-09 10:56:29.022731$GNGGA,,,,,,,,,,,,,,*48
###2023-12-09 10:56:29.220989$GNGGA,,,,,,,,,,,,,,*48
###2023-12-09 10:56:29.421464$GNRMC,,,,,,,,,,,,*55
###2023-12-09 10:56:29.422570$GNGGA,,,,,,,,,,,,,,*48
###2023-12-09 10:56:29.423801$GPGSA,A,1,,,,,,,,,,,,,,,*1E
###2023-12-09 10:56:29.425098$GPGSV,1,1,0,,,,,,,,,,,,,,,,*49
###2023-12-09 10:56:29.425975$GNVTG,,,,,,,,,*60
###2023-12-09 10:56:29.426802$GNGST,,,,,,,,*49
###2023-12-09 10:56:29.427571$GNZDA,,,,,,*56
###2023-12-09 10:56:29.428366$GNEBP,,,,,,M*13
###2023-12-09 10:56:29.622107$GNGGA,,,,,,,,,,,,,,*48
###2023-12-09 10:56:29.821906$GNGGA,,,,,,,,,,,,,,*48
###2023-12-09 10:56:30.021924$GNGGA,,,,,,,,,,,,,,*48
###2023-12-09 10:56:30.220925$GNGGA,,,,,,,,,,,,,,*48
###2023-12-09 10:56:30.422503$GNRMC,,,,,,,,,,,,*55
###2023-12-09 10:56:30.423649$GNGGA,,,,,,,,,,,,,,*48
###2023-12-09 10:56:30.424864$GPGSA,A,1,,,,,,,,,,,,,,,*1E
###2023-12-09 10:56:30.426157$GPGSV,1,1,0,,,,,,,,,,,,,,,,*49
###2023-12-09 10:56:30.426894$GNVTG,,,,,,,,,*60
###2023-12-09 10:56:30.427578$GNGST,,,,,,,,*49
###2023-12-09 10:56:30.428202$GNZDA,,,,,,*56
###2023-12-09 10:56:30.428849$GNEBP,,,,,,M*13
###2023-12-09 10:56:30.621859$GNGGA,,,,,,,,,,,,,,*48
###2023-12-09 10:56:30.821862$GNGGA,,,,,,,,,,,,,,*48
###2023-12-09 10:56:31.021829$GNGGA,,,,,,,,,,,,,,*48
###2023-12-09 10:56:31.220744$GNGGA,,,,,,,,,,,,,,*48
###2023-12-09 10:56:31.420562$GNRMC,,,,,,,,,,,,*55
###2023-12-09 10:56:31.421667$GNGGA,,,,,,,,,,,,,,*48
###2023-12-09 10:56:31.422905$GPGSA,A,1,,,,,,,,,,,,,,,*1E
###2023-12-09 10:56:31.424208$GPGSV,1,1,0,,,,,,,,,,,,,,,,*49
###2023-12-09 10:56:31.425080$GNVTG,,,,,,,,,*60
###2023-12-09 10:56:31.425905$GNGST,,,,,,,,*49
###2023-12-09 10:56:31.426662$GNZDA,,,,,,*56
