###2023-12-09 10:41:23.972462$GNGGA,,,,,,,,,,,,,,*48
###2023-12-09 10:41:24.172013$GNRMC,,,,,,,,,,,,*55
###2023-12-09 10:41:24.173103$GNGGA,,,,,,,,,,,,,,*48
###2023-12-09 10:41:24.174310$GPGSA,A,1,,,,,,,,,,,,,,,*1E
###2023-12-09 10:41:24.175649$GPGSV,1,1,0,,,,,,,,,,,,,,,,*49
###2023-12-09 10:41:24.176485$GNVTG,,,,,,,,,*60
###2023-12-09 10:41:24.177260$GNGST,,,,,,,,*49
###2023-12-09 10:41:24.177966$GNZDA,,,,,,*56
###2023-12-09 10:41:24.178698$GNEBP,,,,,,M*13
###2023-12-09 10:41:24.371264$GNGGA,,,,,,,,,,,,,,*48
###2023-12-09 10:41:24.572166$GNGGA,,,,,,,,,,,,,,*48
###2023-12-09 10:41:24.769170$GNGGA,,,,,,,,,,,,,,*48
###2023-12-09 10:41:24.972635$GNGGA,,,,,,,,,,,,,,*48
###2023-12-09 10:41:25.169044$GNRMC,,,,,,,,,,,,*55
###2023-12-09 10:41:25.169959$GNGGA,,,,,,,,,,,,,,*48
###2023-12-09 10:41:25.171038$GPGSA,A,1,,,,,,,,,,,,,,,*1E
###2023-12-09 10:41:25.172183$GPGSV,1,1,0,,,,,,,,,,,,,,,,*49
###2023-12-09 10:41:25.172906$GNVTG,,,,,,,,,*60
###2023-12-09 10:41:25.173585$GNGST,,,,,,,,*49
###2023-12-09 10:41:25.174198$GNZDA,,,,,,*56
###2023-12-09 10:41:25.174838$GNEBP,,,,,,M*13
###2023-12-09 10:41:25.368409$GNGGA,,,,,,,,,,,,,,*48
###2023-12-09 10:41:25.568599$GNGGA,,,,,,,,,,,,,,*48
###2023-12-09 10:41:25.766452$GNGGA,,,,,,,,,,,,,,*48
###2023-12-09 10:41:25.966532$GNGGA,,,,,,,,,,,,,,*48
###2023-12-09 10:41:26.166408$GNRMC,,,,,,,,,,,,*55
###2023-12-09 10:41:26.167538$GNGGA,,,,,,,,,,,,,,*48
###2023-12-09 10:41:26.168702$GPGSA,A,1,,,,,,,,,,,,,,,*1E
###2023-12-09 10:41:26.169942$GPGSV,1,1,0,,,,,,,,,,,,,,,,*49
###2023-12-09 10:41:26.170761$GNVTG,,,,,,,,,*60
###2023-12-09 10:41:26.171547$GNGST,,,,,,,,*49
###2023-12-09 10:41:26.172254$GNZDA,,,,,,*56
###2023-12-09 10:41:26.172982$GNEBP,,,,,,M*13
###2023-12-09 10:41:26.365876$GNGGA,,,,,,,,,,,,,,*48
###2023-12-09 10:41:26.566081$GNGGA,,,,,,,,,,,,,,*48
###2023-12-09 10:41:26.764071$GNGGA,,,,,,,,,,,,,,*48
###2023-12-09 10:41:26.964134$GNGGA,,,,,,,,,,,,,,*48
###2023-12-09 10:41:27.164198$GNRMC,,,,,,,,,,,,*55
###2023-12-09 10:41:27.165296$GNGGA,,,,,,,,,,,,,,*48
###2023-12-09 10:41:27.166350$GPGSA,A,1,,,,,,,,,,,,,,,*1E
###2023-12-09 10:41:27.167521$GPGSV,1,1,0,,,,,,,,,,,,,,,,*49
###2023-12-09 10:41:27.168234$GNVTG,,,,,,,,,*60
###2023-12-09 10:41:27.168906$GNGST,,,,,,,,*49
###2023-12-09 10:41:27.169508$GNZDA,,,,,,*56
###2023-12-09 10:41:27.170138$GNEBP,,,,,,M*13
###2023-12-09 10:41:27.364219$GNGGA,,,,,,,,,,,,,,*48
###2023-12-09 10:41:27.564374$GNGGA,,,,,,,,,,,,,,*48
###2023-12-09 10:41:27.771426$GNGGA,,,,,,,,,,,,,,*48
###2023-12-09 10:41:27.962086$GNGGA,,,,,,,,,,,,,,*48
###2023-12-09 10:41:28.165116$GNRMC,,,,,,,,,,,,*55
###2023-12-09 10:41:28.166027$GNGGA,,,,,,,,,,,,,,*48
###2023-12-09 10:41:28.167107$GPGSA,A,1,,,,,,,,,,,,,,,*1E
###2023-12-09 10:41:28.168249$GPGSV,1,1,0,,,,,,,,,,,,,,,,*49
###2023-12-09 10:41:28.168969$GNVTG,,,,,,,,,*60
###2023-12-09 10:41:28.169645$GNGST,,,,,,,,*49
###2023-12-09 10:41:28.170251$GNZDA,,,,,,*56
###2023-12-09 10:41:28.170907$GNEBP,,,,,,M*13
###2023-12-09 10:41:28.361910$GNGGA,,,,,,,,,,,,,,*48
###2023-12-09 10:41:28.561431$GNGGA,,,,,,,,,,,,,,*48
###2023-12-09 10:41:28.760178$GNGGA,,,,,,,,,,,,,,*48
###2023-12-09 10:41:28.959992$GNGGA,,,,,,,,,,,,,,*48
###2023-12-09 10:41:29.160520$GNRMC,,,,,,,,,,,,*55
###2023-12-09 10:41:29.161637$GNGGA,,,,,,,,,,,,,,*48
###2023-12-09 10:41:29.162688$GPGSA,A,1,,,,,,,,,,,,,,,*1E
###2023-12-09 10:41:29.163864$GPGSV,1,1,0,,,,,,,,,,,,,,,,*49
###2023-12-09 10:41:29.164591$GNVTG,,,,,,,,,*60
###2023-12-09 10:41:29.165273$GNGST,,,,,,,,*49
###2023-12-09 10:41:29.165886$GNZDA,,,,,,*56
###2023-12-09 10:41:29.166523$GNEBP,,,,,,M*13
###2023-12-09 10:41:29.362532$GNGGA,,,,,,,,,,,,,,*48
###2023-12-09 10:41:29.561204$GNGGA,,,,,,,,,,,,,,*48
###2023-12-09 10:41:29.758530$GNGGA,,,,,,,,,,,,,,*48
###2023-12-09 10:41:29.958464$GNGGA,,,,,,,,,,,,,,*48
###2023-12-09 10:41:30.160244$GNRMC,,,,,,,,,,,,*55
###2023-12-09 10:41:30.161379$GNGGA,,,,,,,,,,,,,,*48
###2023-12-09 10:41:30.162647$GPGSA,A,1,,,,,,,,,,,,,,,*1E
###2023-12-09 10:41:30.164038$GPGSV,1,1,0,,,,,,,,,,,,,,,,*49
###2023-12-09 10:41:30.164896$GNVTG,,,,,,,,,*60
###2023-12-09 10:41:30.165708$GNGST,,,,,,,,*49
###2023-12-09 10:41:30.166437$GNZDA,,,,,,*56
###2023-12-09 10:41:30.167223$GNEBP,,,,,,M*13
###2023-12-09 10:41:30.358995$GNGGA,,,,,,,,,,,,,,*48
###2023-12-09 10:41:30.559003$GNGGA,,,,,,,,,,,,,,*48
###2023-12-09 10:41:30.757151$GNGGA,,,,,,,,,,,,,,*48
###2023-12-09 10:41:30.957900$GNGGA,,,,,,,,,,,,,,*48
###2023-12-09 10:41:31.157692$GNRMC,,,,,,,,,,,,*55
###2023-12-09 10:41:31.158617$GNGGA,,,,,,,,,,,,,,*48
###2023-12-09 10:41:31.159704$GPGSA,A,1,,,,,,,,,,,,,,,*1E
###2023-12-09 10:41:31.160848$GPGSV,1,1,0,,,,,,,,,,,,,,,,*49
###2023-12-09 10:41:31.161560$GNVTG,,,,,,,,,*60
###2023-12-09 10:41:31.162235$GNGST,,,,,,,,*49
###2023-12-09 10:41:31.162856$GNZDA,,,,,,*56
###2023-12-09 10:41:31.163504$GNEBP,,,,,,M*13
###2023-12-09 10:41:31.357427$GNGGA,,,,,,,,,,,,,,*48
###2023-12-09 10:41:31.557196$GNGGA,,,,,,,,,,,,,,*48
###2023-12-09 10:41:31.756123$GNGGA,,,,,,,,,,,,,,*48
###2023-12-09 10:41:31.956056$GNGGA,,,,,,,,,,,,,,*48
###2023-12-09 10:41:32.156516$GNRMC,,,,,,,,,,,,*55
###2023-12-09 10:41:32.157493$GNGGA,,,,,,,,,,,,,,*48
###2023-12-09 10:41:32.158576$GPGSA,A,1,,,,,,,,,,,,,,,*1E
