###2023-12-09 10:49:27.409557$GPGSV,1,1,0,,,,,,,,,,,,,,,,*49
###2023-12-09 10:49:27.410303$GNVTG,,,,,,,,,*60
###2023-12-09 10:49:27.411027$GNGST,,,,,,,,*49
###2023-12-09 10:49:27.411649$GNZDA,,,,,,*56
###2023-12-09 10:49:27.412298$GNEBP,,,,,,M*13
###2023-12-09 10:49:27.605468$GNGGA,,,,,,,,,,,,,,*48
###2023-12-09 10:49:27.805633$GNGGA,,,,,,,,,,,,,,*48
###2023-12-09 10:49:28.004825$GNGGA,,,,,,,,,,,,,,*48
###2023-12-09 10:49:28.204342$GNGGA,,,,,,,,,,,,,,*48
###2023-12-09 10:49:28.405330$GNRMC,,,,,,,,,,,,*55
###2023-12-09 10:49:28.406426$GNGGA,,,,,,,,,,,,,,*48
###2023-12-09 10:49:28.407661$GPGSA,A,1,,,,,,,,,,,,,,,*1E
###2023-12-09 10:49:28.408969$GPGSV,1,1,0,,,,,,,,,,,,,,,,*49
###2023-12-09 10:49:28.409880$GNVTG,,,,,,,,,*60
###2023-12-09 10:49:28.410727$GNGST,,,,,,,,*49
###2023-12-09 10:49:28.411512$GNZDA,,,,,,*56
###2023-12-09 10:49:28.412305$GNEBP,,,,,,M*13
###2023-12-09 10:49:28.604286$GNGGA,,,,,,,,,,,,,,*48
###2023-12-09 10:49:28.808713$GNGGA,,,,,,,,,,,,,,*48
###2023-12-09 10:49:29.005950$GNGGA,,,,,,,,,,,,,,*48
###2023-12-09 10:49:29.205832$GNGGA,,,,,,,,,,,,,,*48
###2023-12-09 10:49:29.405249$GNRMC,,,,,,,,,,,,*55
###2023-12-09 10:49:29.406336$GNGGA,,,,,,,,,,,,,,*48
###2023-12-09 10:49:29.407408$GPGSA,A,1,,,,,,,,,,,,,,,*1E
###2023-12-09 10:49:29.408557$GPGSV,1,1,0,,,,,,,,,,,,,,,,*49
###2023-12-09 10:49:29.409277$GNVTG,,,,,,,,,*60
###2023-12-09 10:49:29.409959$GNGST,,,,,,,,*49
###2023-12-09 10:49:29.410571$GNZDA,,,,,,*56
###2023-12-09 10:49:29.411241$GNEBP,,,,,,M*13
###2023-12-09 10:49:29.605216$GNGGA,,,,,,,,,,,,,,*48
###2023-12-09 10:49:29.804551$GNGGA,,,,,,,,,,,,,,*48
###2023-12-09 10:49:30.004387$GNGGA,,,,,,,,,,,,,,*48
###2023-12-09 10:49:30.204321$GNGGA,,,,,,,,,,,,,,*48
###2023-12-09 10:49:30.404273$GNRMC,,,,,,,,,,,,*55
###2023-12-09 10:49:30.405177$GNGGA,,,,,,,,,,,,,,*48
###2023-12-09 10:49:30.406207$GPGSA,A,1,,,,,,,,,,,,,,,*1E
###2023-12-09 10:49:30.407355$GPGSV,1,1,0,,,,,,,,,,,,,,,,*49
###2023-12-09 10:49:30.408060$GNVTG,,,,,,,,,*60
###2023-12-09 10:49:30.408725$GNGST,,,,,,,,*49
###2023-12-09 10:49:30.409324$GNZDA,,,,,,*56
###2023-12-09 10:49:30.409956$GNEBP,,,,,,M*13
###2023-12-09 10:49:30.605448$GNGGA,,,,,,,,,,,,,,*48
###2023-12-09 10:49:30.805981$GNGGA,,,,,,,,,,,,,,*48
###2023-12-09 10:49:31.004857$GNGGA,,,,,,,,,,,,,,*48
###2023-12-09 10:49:31.206685$GNGGA,,,,,,,,,,,,,,*48
###2023-12-09 10:49:31.405363$GNRMC,,,,,,,,,,,,*55
###2023-12-09 10:49:31.406270$GNGGA,,,,,,,,,,,,,,*48
###2023-12-09 10:49:31.407343$GPGSA,A,1,,,,,,,,,,,,,,,*1E
###2023-12-09 10:49:31.408476$GPGSV,1,1,0,,,,,,,,,,,,,,,,*49
###2023-12-09 10:49:31.409191$GNVTG,,,,,,,,,*60
###2023-12-09 10:49:31.409867$GNGST,,,,,,,,*49
###2023-12-09 10:49:31.410480$GNZDA,,,,,,*56
###2023-12-09 10:49:31.411137$GNEBP,,,,,,M*13
###2023-12-09 10:49:31.606364$GNGGA,,,,,,,,,,,,,,*48
###2023-12-09 10:49:31.805619$GNGGA,,,,,,,,,,,,,,*48
###2023-12-09 10:49:32.004599$GNGGA,,,,,,,,,,,,,,*48
###2023-12-09 10:49:32.204535$GNGGA,,,,,,,,,,,,,,*48
###2023-12-09 10:49:32.405447$GNRMC,,,,,,,,,,,,*55
###2023-12-09 10:49:32.406367$GNGGA,,,,,,,,,,,,,,*48
###2023-12-09 10:49:32.407457$GPGSA,A,1,,,,,,,,,,,,,,,*1E
###2023-12-09 10:49:32.408608$GPGSV,1,1,0,,,,,,,,,,,,,,,,*49
###2023-12-09 10:49:32.409333$GNVTG,,,,,,,,,*60
###2023-12-09 10:49:32.410019$GNGST,,,,,,,,*49
###2023-12-09 10:49:32.410634$GNZDA,,,,,,*56
###2023-12-09 10:49:32.411300$GNEBP,,,,,,M*13
###2023-12-09 10:49:32.606407$GNGGA,,,,,,,,,,,,,,*48
###2023-12-09 10:49:32.806794$GNGGA,,,,,,,,,,,,,,*48
###2023-12-09 10:49:33.005465$GNGGA,,,,,,,,,,,,,,*48
###2023-12-09 10:49:33.205455$GNGGA,,,,,,,,,,,,,,*48
###2023-12-09 10:49:33.406402$GNRMC,,,,,,,,,,,,*55
###2023-12-09 10:49:33.407516$GNGGA,,,,,,,,,,,,,,*48
###2023-12-09 10:49:33.408572$GPGSA,A,1,,,,,,,,,,,,,,,*1E
###2023-12-09 10:49:33.409721$GPGSV,1,1,0,,,,,,,,,,,,,,,,*49
###2023-12-09 10:49:33.410449$GNVTG,,,,,,,,,*60
###2023-12-09 10:49:33.411151$GNGST,,,,,,,,*49
###2023-12-09 10:49:33.411763$GNZDA,,,,,,*56
###2023-12-09 10:49:33.412406$GNEBP,,,,,,M*13
###2023-12-09 10:49:33.606382$GNGGA,,,,,,,,,,,,,,*48
###2023-12-09 10:49:33.806774$GNGGA,,,,,,,,,,,,,,*48
###2023-12-09 10:49:34.004391$GNGGA,,,,,,,,,,,,,,*48
###2023-12-09 10:49:34.205483$GNGGA,,,,,,,,,,,,,,*48
###2023-12-09 10:49:34.406468$GNRMC,,,,,,,,,,,,*55
###2023-12-09 10:49:34.407594$GNGGA,,,,,,,,,,,,,,*48
###2023-12-09 10:49:34.408797$GPGSA,A,1,,,,,,,,,,,,,,,*1E
###2023-12-09 10:49:34.410087$GPGSV,1,1,0,,,,,,,,,,,,,,,,*49
###2023-12-09 10:49:34.410979$GNVTG,,,,,,,,,*60
###2023-12-09 10:49:34.411831$GNGST,,,,,,,,*49
###2023-12-09 10:49:34.412608$GNZDA,,,,,,*56
###2023-12-09 10:49:34.413405$GNEBP,,,,,,M*13
###2023-12-09 10:49:34.606585$GNGGA,,,,,,,,,,,,,,*48
###2023-12-09 10:49:34.808707$GNGGA,,,,,,,,,,,,,,*48
###2023-12-09 10:49:35.006154$GNGGA,,,,,,,,,,,,,,*48
###2023-12-09 10:49:35.206350$GNGGA,,,,,,,,,,,,,,*48
###2023-12-09 10:49:35.406506$GNRMC,,,,,,,,,,,,*55
###2023-12-09 10:49:35.407612$GNGGA,,,,,,,,,,,,,,*48
###2023-12-09 10:49:35.408816$GPGSA,A,1,,,,,,,,,,,,,,,*1E
###2023-12-09 10:49:35.410121$GPGSV,1,1,0,,,,,,,,,,,,,,,,*49
###2023-12-09 10:49:35.411005$GNVTG,,,,,,,,,*60
###2023-12-09 10:49:35.411832$GNGST,,,,,,,,*49
###2023-12-09 10:49:35.412584$GNZDA,,,,,,*56
