###2023-12-09 10:45:34.183258$GNGGA,,,,,,,,,,,,,,*48
###2023-12-09 10:45:34.383220$GNRMC,,,,,,,,,,,,*55
###2023-12-09 10:45:34.384319$GNGGA,,,,,,,,,,,,,,*48
###2023-12-09 10:45:34.385521$GPGSA,A,1,,,,,,,,,,,,,,,*1E
###2023-12-09 10:45:34.386818$GPGSV,1,1,0,,,,,,,,,,,,,,,,*49
###2023-12-09 10:45:34.387577$GNVTG,,,,,,,,,*60
###2023-12-09 10:45:34.388265$GNGST,,,,,,,,*49
###2023-12-09 10:45:34.388880$GNZDA,,,,,,*56
###2023-12-09 10:45:34.389522$GNEBP,,,,,,M*13
###2023-12-09 10:45:34.583144$GNGGA,,,,,,,,,,,,,,*48
###2023-12-09 10:45:34.783240$GNGGA,,,,,,,,,,,,,,*48
###2023-12-09 10:45:34.982295$GNGGA,,,,,,,,,,,,,,*48
###2023-12-09 10:45:35.184102$GNGGA,,,,,,,,,,,,,,*48
###2023-12-09 10:45:35.384525$GNRMC,,,,,,,,,,,,*55
###2023-12-09 10:45:35.386085$GNGGA,,,,,,,,,,,,,,*48
###2023-12-09 10:45:35.387659$GPGSA,A,1,,,,,,,,,,,,,,,*1E
###2023-12-09 10:45:35.389608$GPGSV,1,1,0,,,,,,,,,,,,,,,,*49
###2023-12-09 10:45:35.390784$GNVTG,,,,,,,,,*60
###2023-12-09 10:45:35.391923$GNGST,,,,,,,,*49
###2023-12-09 10:45:35.392966$GNZDA,,,,,,*56
###2023-12-09 10:45:35.394370$GNEBP,,,,,,M*13
###2023-12-09 10:45:35.584494$GNGGA,,,,,,,,,,,,,,*48
###2023-12-09 10:45:35.791202$GNGGA,,,,,,,,,,,,,,*48
###2023-12-09 10:45:35.982841$GNGGA,,,,,,,,,,,,,,*48
###2023-12-09 10:45:36.183805$GNGGA,,,,,,,,,,,,,,*48
###2023-12-09 10:45:36.383753$GNRMC,,,,,,,,,,,,*55
###2023-12-09 10:45:36.384660$GNGGA,,,,,,,,,,,,,,*48
###2023-12-09 10:45:36.385910$GPGSA,A,1,,,,,,,,,,,,,,,*1E
###2023-12-09 10:45:36.387236$GPGSV,1,1,0,,,,,,,,,,,,,,,,*49
###2023-12-09 10:45:36.388091$GNVTG,,,,,,,,,*60
###2023-12-09 10:45:36.388935$GNGST,,,,,,,,*49
###2023-12-09 10:45:36.389705$GNZDA,,,,,,*56
###2023-12-09 10:45:36.390495$GNEBP,,,,,,M*13
###2023-12-09 10:45:36.584712$GNGGA,,,,,,,,,,,,,,*48
###2023-12-09 10:45:36.784746$GNGGA,,,,,,,,,,,,,,*48
###2023-12-09 10:45:36.982828$GNGGA,,,,,,,,,,,,,,*48
###2023-12-09 10:45:37.183567$GNGGA,,,,,,,,,,,,,,*48
###2023-12-09 10:45:37.385026$GNRMC,,,,,,,,,,,,*55
###2023-12-09 10:45:37.386235$GNGGA,,,,,,,,,,,,,,*48
###2023-12-09 10:45:37.387539$GPGSA,A,1,,,,,,,,,,,,,,,*1E
###2023-12-09 10:45:37.388920$GPGSV,1,1,0,,,,,,,,,,,,,,,,*49
###2023-12-09 10:45:37.389870$GNVTG,,,,,,,,,*60
###2023-12-09 10:45:37.390768$GNGST,,,,,,,,*49
###2023-12-09 10:45:37.391625$GNZDA,,,,,,*56
###2023-12-09 10:45:37.392492$GNEBP,,,,,,M*13
###2023-12-09 10:45:37.584941$GNGGA,,,,,,,,,,,,,,*48
###2023-12-09 10:45:37.784064$GNGGA,,,,,,,,,,,,,,*48
###2023-12-09 10:45:37.983158$GNGGA,,,,,,,,,,,,,,*48
###2023-12-09 10:45:38.183349$GNGGA,,,,,,,,,,,,,,*48
###2023-12-09 10:45:38.385302$GNRMC,,,,,,,,,,,,*55
###2023-12-09 10:45:38.386455$GNGGA,,,,,,,,,,,,,,*48
###2023-12-09 10:45:38.387732$GPGSA,A,1,,,,,,,,,,,,,,,*1E
###2023-12-09 10:45:38.389095$GPGSV,1,1,0,,,,,,,,,,,,,,,,*49
###2023-12-09 10:45:38.389852$GNVTG,,,,,,,,,*60
###2023-12-09 10:45:38.390559$GNGST,,,,,,,,*49
###2023-12-09 10:45:38.391222$GNZDA,,,,,,*56
###2023-12-09 10:45:38.391901$GNEBP,,,,,,M*13
###2023-12-09 10:45:38.584249$GNGGA,,,,,,,,,,,,,,*48
###2023-12-09 10:45:38.784269$GNGGA,,,,,,,,,,,,,,*48
###2023-12-09 10:45:38.984447$GNGGA,,,,,,,,,,,,,,*48
###2023-12-09 10:45:39.183511$GNGGA,,,,,,,,,,,,,,*48
###2023-12-09 10:45:39.384425$GNRMC,,,,,,,,,,,,*55
###2023-12-09 10:45:39.385574$GNGGA,,,,,,,,,,,,,,*48
###2023-12-09 10:45:39.386841$GPGSA,A,1,,,,,,,,,,,,,,,*1E
###2023-12-09 10:45:39.388044$GPGSV,1,1,0,,,,,,,,,,,,,,,,*49
###2023-12-09 10:45:39.388792$GNVTG,,,,,,,,,*60
###2023-12-09 10:45:39.389500$GNGST,,,,,,,,*49
###2023-12-09 10:45:39.390139$GNZDA,,,,,,*56
###2023-12-09 10:45:39.390803$GNEBP,,,,,,M*13
###2023-12-09 10:45:39.584373$GNGGA,,,,,,,,,,,,,,*48
###2023-12-09 10:45:39.784451$GNGGA,,,,,,,,,,,,,,*48
###2023-12-09 10:45:39.983506$GNGGA,,,,,,,,,,,,,,*48
###2023-12-09 10:45:40.184741$GNGGA,,,,,,,,,,,,,,*48
###2023-12-09 10:45:40.385704$GNRMC,,,,,,,,,,,,*55
###2023-12-09 10:45:40.386883$GNGGA,,,,,,,,,,,,,,*48
###2023-12-09 10:45:40.387963$GPGSA,A,1,,,,,,,,,,,,,,,*1E
###2023-12-09 10:45:40.389314$GPGSV,1,1,0,,,,,,,,,,,,,,,,*49
###2023-12-09 10:45:40.390064$GNVTG,,,,,,,,,*60
###2023-12-09 10:45:40.390771$GNGST,,,,,,,,*49
###2023-12-09 10:45:40.391426$GNZDA,,,,,,*56
###2023-12-09 10:45:40.392257$GNEBP,,,,,,M*13
###2023-12-09 10:45:40.585657$GNGGA,,,,,,,,,,,,,,*48
###2023-12-09 10:45:40.785734$GNGGA,,,,,,,,,,,,,,*48
###2023-12-09 10:45:40.986615$GNGGA,,,,,,,,,,,,,,*48
###2023-12-09 10:45:41.185049$GNGGA,,,,,,,,,,,,,,*48
###2023-12-09 10:45:41.386064$GNRMC,,,,,,,,,,,,*55
###2023-12-09 10:45:41.387200$GNGGA,,,,,,,,,,,,,,*48
###2023-12-09 10:45:41.388253$GPGSA,A,1,,,,,,,,,,,,,,,*1E
###2023-12-09 10:45:41.389396$GPGSV,1,1,0,,,,,,,,,,,,,,,,*49
###2023-12-09 10:45:41.390122$GNVTG,,,,,,,,,*60
###2023-12-09 10:45:41.390803$GNGST,,,,,,,,*49
###2023-12-09 10:45:41.391440$GNZDA,,,,,,*56
###2023-12-09 10:45:41.392088$GNEBP,,,,,,M*13
###2023-12-09 10:45:41.584930$GNGGA,,,,,,,,,,,,,,*48
###2023-12-09 10:45:41.784961$GNGGA,,,,,,,,,,,,,,*48
###2023-12-09 10:45:41.984108$GNGGA,,,,,,,,,,,,,,*48
###2023-12-09 10:45:42.184252$GNGGA,,,,,,,,,,,,,,*48
###2023-12-09 10:45:42.386213$GNRMC,,,,,,,,,,,,*55
###2023-12-09 10:45:42.387316$GNGGA,,,,,,,,,,,,,,*48
###2023-12-09 10:45:42.388366$GPGSA,A,1,,,,,,,,,,,,,,,*1E
