###2023-12-09 10:48:20.407407$GNEBP,,,,,,M*13
###2023-12-09 10:48:20.600525$GNGGA,,,,,,,,,,,,,,*48
###2023-12-09 10:48:20.804121$GNGGA,,,,,,,,,,,,,,*48
###2023-12-09 10:48:20.998704$GNGGA,,,,,,,,,,,,,,*48
###2023-12-09 10:48:21.198839$GNGGA,,,,,,,,,,,,,,*48
###2023-12-09 10:48:21.399954$GNRMC,,,,,,,,,,,,*55
###2023-12-09 10:48:21.401323$GNGGA,,,,,,,,,,,,,,*48
###2023-12-09 10:48:21.403050$GPGSA,A,1,,,,,,,,,,,,,,,*1E
###2023-12-09 10:48:21.404660$GPGSV,1,1,0,,,,,,,,,,,,,,,,*49
###2023-12-09 10:48:21.405943$GNVTG,,,,,,,,,*60
###2023-12-09 10:48:21.407008$GNGST,,,,,,,,*49
###2023-12-09 10:48:21.407956$GNZDA,,,,,,*56
###2023-12-09 10:48:21.409154$GNEBP,,,,,,M*13
###2023-12-09 10:48:21.599802$GNGGA,,,,,,,,,,,,,,*48
###2023-12-09 10:48:21.802204$GNGGA,,,,,,,,,,,,,,*48
###2023-12-09 10:48:21.999231$GNGGA,,,,,,,,,,,,,,*48
###2023-12-09 10:48:22.198817$GNGGA,,,,,,,,,,,,,,*48
###2023-12-09 10:48:22.403617$GNRMC,,,,,,,,,,,,*55
###2023-12-09 10:48:22.404537$GNGGA,,,,,,,,,,,,,,*48
###2023-12-09 10:48:22.405591$GPGSA,A,1,,,,,,,,,,,,,,,*1E
###2023-12-09 10:48:22.406729$GPGSV,1,1,0,,,,,,,,,,,,,,,,*49
###2023-12-09 10:48:22.407475$GNVTG,,,,,,,,,*60
###2023-12-09 10:48:22.408164$GNGST,,,,,,,,*49
###2023-12-09 10:48:22.408777$GNZDA,,,,,,*56
###2023-12-09 10:48:22.409424$GNEBP,,,,,,M*13
###2023-12-09 10:48:22.599844$GNGGA,,,,,,,,,,,,,,*48
###2023-12-09 10:48:22.800066$GNGGA,,,,,,,,,,,,,,*48
###2023-12-09 10:48:22.998699$GNGGA,,,,,,,,,,,,,,*48
###2023-12-09 10:48:23.198701$GNGGA,,,,,,,,,,,,,,*48
###2023-12-09 10:48:23.400108$GNRMC,,,,,,,,,,,,*55
###2023-12-09 10:48:23.401273$GNGGA,,,,,,,,,,,,,,*48
###2023-12-09 10:48:23.402502$GPGSA,A,1,,,,,,,,,,,,,,,*1E
###2023-12-09 10:48:23.403848$GPGSV,1,1,0,,,,,,,,,,,,,,,,*49
###2023-12-09 10:48:23.404740$GNVTG,,,,,,,,,*60
###2023-12-09 10:48:23.405594$GNGST,,,,,,,,*49
###2023-12-09 10:48:23.406383$GNZDA,,,,,,*56
###2023-12-09 10:48:23.407211$GNEBP,,,,,,M*13
###2023-12-09 10:48:23.598576$GNGGA,,,,,,,,,,,,,,*48
###2023-12-09 10:48:23.799111$GNGGA,,,,,,,,,,,,,,*48
###2023-12-09 10:48:23.997760$GNGGA,,,,,,,,,,,,,,*48
###2023-12-09 10:48:24.197790$GNGGA,,,,,,,,,,,,,,*48
###2023-12-09 10:48:24.400272$GNRMC,,,,,,,,,,,,*55
###2023-12-09 10:48:24.401354$GNGGA,,,,,,,,,,,,,,*48
###2023-12-09 10:48:24.402401$GPGSA,A,1,,,,,,,,,,,,,,,*1E
###2023-12-09 10:48:24.403571$GPGSV,1,1,0,,,,,,,,,,,,,,,,*49
###2023-12-09 10:48:24.404301$GNVTG,,,,,,,,,*60
###2023-12-09 10:48:24.404986$GNGST,,,,,,,,*49
###2023-12-09 10:48:24.405604$GNZDA,,,,,,*56
###2023-12-09 10:48:24.406252$GNEBP,,,,,,M*13
###2023-12-09 10:48:24.599597$GNGGA,,,,,,,,,,,,,,*48
###2023-12-09 10:48:24.799657$GNGGA,,,,,,,,,,,,,,*48
###2023-12-09 10:48:24.999818$GNGGA,,,,,,,,,,,,,,*48
###2023-12-09 10:48:25.198740$GNGGA,,,,,,,,,,,,,,*48
###2023-12-09 10:48:25.399736$GNRMC,,,,,,,,,,,,*55
###2023-12-09 10:48:25.400649$GNGGA,,,,,,,,,,,,,,*48
###2023-12-09 10:48:25.401698$GPGSA,A,1,,,,,,,,,,,,,,,*1E
###2023-12-09 10:48:25.402837$GPGSV,1,1,0,,,,,,,,,,,,,,,,*49
###2023-12-09 10:48:25.403580$GNVTG,,,,,,,,,*60
###2023-12-09 10:48:25.404263$GNGST,,,,,,,,*49
###2023-12-09 10:48:25.404876$GNZDA,,,,,,*56
###2023-12-09 10:48:25.405527$GNEBP,,,,,,M*13
###2023-12-09 10:48:25.598616$GNGGA,,,,,,,,,,,,,,*48
###2023-12-09 10:48:25.800325$GNGGA,,,,,,,,,,,,,,*48
###2023-12-09 10:48:25.998877$GNGGA,,,,,,,,,,,,,,*48
###2023-12-09 10:48:26.198790$GNGGA,,,,,,,,,,,,,,*48
###2023-12-09 10:48:26.399831$GNRMC,,,,,,,,,,,,*55
###2023-12-09 10:48:26.400986$GNGGA,,,,,,,,,,,,,,*48
###2023-12-09 10:48:26.402217$GPGSA,A,1,,,,,,,,,,,,,,,*1E
###2023-12-09 10:48:26.403562$GPGSV,1,1,0,,,,,,,,,,,,,,,,*49
###2023-12-09 10:48:26.404498$GNVTG,,,,,,,,,*60
###2023-12-09 10:48:26.405531$GNGST,,,,,,,,*49
###2023-12-09 10:48:26.406516$GNZDA,,,,,,*56
###2023-12-09 10:48:26.407358$GNEBP,,,,,,M*13
###2023-12-09 10:48:26.599929$GNGGA,,,,,,,,,,,,,,*48
###2023-12-09 10:48:26.802663$GNGGA,,,,,,,,,,,,,,*48
###2023-12-09 10:48:26.998896$GNGGA,,,,,,,,,,,,,,*48
###2023-12-09 10:48:27.198823$GNGGA,,,,,,,,,,,,,,*48
###2023-12-09 10:48:27.400079$GNRMC,,,,,,,,,,,,*55
###2023-12-09 10:48:27.401241$GNGGA,,,,,,,,,,,,,,*48
###2023-12-09 10:48:27.402318$GPGSA,A,1,,,,,,,,,,,,,,,*1E
###2023-12-09 10:48:27.403518$GPGSV,1,1,0,,,,,,,,,,,,,,,,*49
###2023-12-09 10:48:27.404265$GNVTG,,,,,,,,,*60
###2023-12-09 10:48:27.404968$GNGST,,,,,,,,*49
###2023-12-09 10:48:27.405603$GNZDA,,,,,,*56
###2023-12-09 10:48:27.406269$GNEBP,,,,,,M*13
###2023-12-09 10:48:27.599834$GNGGA,,,,,,,,,,,,,,*48
###2023-12-09 10:48:27.800370$GNGGA,,,,,,,,,,,,,,*48
###2023-12-09 10:48:27.998996$GNGGA,,,,,,,,,,,,,,*48
###2023-12-09 10:48:28.198949$GNGGA,,,,,,,,,,,,,,*48
###2023-12-09 10:48:28.400088$GNRMC,,,,,,,,,,,,*55
###2023-12-09 10:48:28.400999$GNGGA,,,,,,,,,,,,,,*48
###2023-12-09 10:48:28.402050$GPGSA,A,1,,,,,,,,,,,,,,,*1E
###2023-12-09 10:48:28.403217$GPGSV,1,1,0,,,,,,,,,,,,,,,,*49
###2023-12-09 10:48:28.403947$GNVTG,,,,,,,,,*60
###2023-12-09 10:48:28.404633$GNGST,,,,,,,,*49
###2023-12-09 10:48:28.405243$GNZDA,,,,,,*56
###2023-12-09 10:48:28.405885$GNEBP,,,,,,M*13
###2023-12-09 10:48:28.599771$GNGGA,,,,,,,,,,,,,,*48
###2023-12-09 10:48:28.816896$GNGGA,,,,,,,,,,,,,,*48
###2023-12-09 10:48:28.998804$GNGGA,,,,,,,,,,,,,,*48
