###2023-12-09 10:45:17.386654$GPGSV,1,1,0,,,,,,,,,,,,,,,,*49
###2023-12-09 10:45:17.387610$GNVTG,,,,,,,,,*60
###2023-12-09 10:45:17.388455$GNGST,,,,,,,,*49
###2023-12-09 10:45:17.389223$GNZDA,,,,,,*56
###2023-12-09 10:45:17.390026$GNEBP,,,,,,M*13
###2023-12-09 10:45:17.582352$GNGGA,,,,,,,,,,,,,,*48
###2023-12-09 10:45:17.782450$GNGGA,,,,,,,,,,,,,,*48
###2023-12-09 10:45:17.984614$GNGGA,,,,,,,,,,,,,,*48
###2023-12-09 10:45:18.182868$GNGGA,,,,,,,,,,,,,,*48
###2023-12-09 10:45:18.382418$GNRMC,,,,,,,,,,,,*55
###2023-12-09 10:45:18.383365$GNGGA,,,,,,,,,,,,,,*48
###2023-12-09 10:45:18.384419$GPGSA,A,1,,,,,,,,,,,,,,,*1E
###2023-12-09 10:45:18.385567$GPGSV,1,1,0,,,,,,,,,,,,,,,,*49
###2023-12-09 10:45:18.386302$GNVTG,,,,,,,,,*60
###2023-12-09 10:45:18.387021$GNGST,,,,,,,,*49
###2023-12-09 10:45:18.387645$GNZDA,,,,,,*56
###2023-12-09 10:45:18.388292$GNEBP,,,,,,M*13
###2023-12-09 10:45:18.582300$GNGGA,,,,,,,,,,,,,,*48
###2023-12-09 10:45:18.782243$GNGGA,,,,,,,,,,,,,,*48
###2023-12-09 10:45:18.982461$GNGGA,,,,,,,,,,,,,,*48
###2023-12-09 10:45:19.183195$GNGGA,,,,,,,,,,,,,,*48
###2023-12-09 10:45:19.382238$GNRMC,,,,,,,,,,,,*55
###2023-12-09 10:45:19.383355$GNGGA,,,,,,,,,,,,,,*48
###2023-12-09 10:45:19.384399$GPGSA,A,1,,,,,,,,,,,,,,,*1E
###2023-12-09 10:45:19.385546$GPGSV,1,1,0,,,,,,,,,,,,,,,,*49
###2023-12-09 10:45:19.386269$GNVTG,,,,,,,,,*60
###2023-12-09 10:45:19.386966$GNGST,,,,,,,,*49
###2023-12-09 10:45:19.387580$GNZDA,,,,,,*56
###2023-12-09 10:45:19.388241$GNEBP,,,,,,M*13
###2023-12-09 10:45:19.582104$GNGGA,,,,,,,,,,,,,,*48
###2023-12-09 10:45:19.782132$GNGGA,,,,,,,,,,,,,,*48
###2023-12-09 10:45:19.981277$GNGGA,,,,,,,,,,,,,,*48
###2023-12-09 10:45:20.181301$GNGGA,,,,,,,,,,,,,,*48
###2023-12-09 10:45:20.382183$GNRMC,,,,,,,,,,,,*55
###2023-12-09 10:45:20.383336$GNGGA,,,,,,,,,,,,,,*48
###2023-12-09 10:45:20.384556$GPGSA,A,1,,,,,,,,,,,,,,,*1E
###2023-12-09 10:45:20.385851$GPGSV,1,1,0,,,,,,,,,,,,,,,,*49
###2023-12-09 10:45:20.386719$GNVTG,,,,,,,,,*60
###2023-12-09 10:45:20.387569$GNGST,,,,,,,,*49
###2023-12-09 10:45:20.388329$GNZDA,,,,,,*56
###2023-12-09 10:45:20.389133$GNEBP,,,,,,M*13
###2023-12-09 10:45:20.583081$GNGGA,,,,,,,,,,,,,,*48
###2023-12-09 10:45:20.783225$GNGGA,,,,,,,,,,,,,,*48
###2023-12-09 10:45:20.983064$GNGGA,,,,,,,,,,,,,,*48
###2023-12-09 10:45:21.182124$GNGGA,,,,,,,,,,,,,,*48
###2023-12-09 10:45:21.383019$GNRMC,,,,,,,,,,,,*55
###2023-12-09 10:45:21.383933$GNGGA,,,,,,,,,,,,,,*48
###2023-12-09 10:45:21.384982$GPGSA,A,1,,,,,,,,,,,,,,,*1E
###2023-12-09 10:45:21.386120$GPGSV,1,1,0,,,,,,,,,,,,,,,,*49
###2023-12-09 10:45:21.386840$GNVTG,,,,,,,,,*60
###2023-12-09 10:45:21.387536$GNGST,,,,,,,,*49
###2023-12-09 10:45:21.388153$GNZDA,,,,,,*56
###2023-12-09 10:45:21.388797$GNEBP,,,,,,M*13
###2023-12-09 10:45:21.582943$GNGGA,,,,,,,,,,,,,,*48
###2023-12-09 10:45:21.782865$GNGGA,,,,,,,,,,,,,,*48
###2023-12-09 10:45:21.982754$GNGGA,,,,,,,,,,,,,,*48
###2023-12-09 10:45:22.186526$GNGGA,,,,,,,,,,,,,,*48
###2023-12-09 10:45:22.383924$GNRMC,,,,,,,,,,,,*55
###2023-12-09 10:45:22.385599$GNGGA,,,,,,,,,,,,,,*48
###2023-12-09 10:45:22.387565$GPGSA,A,1,,,,,,,,,,,,,,,*1E
###2023-12-09 10:45:22.389663$GPGSV,1,1,0,,,,,,,,,,,,,,,,*49
###2023-12-09 10:45:22.391006$GNVTG,,,,,,,,,*60
###2023-12-09 10:45:22.392254$GNGST,,,,,,,,*49
###2023-12-09 10:45:22.393381$GNZDA,,,,,,*56
###2023-12-09 10:45:22.394198$GNEBP,,,,,,M*13
###2023-12-09 10:45:22.582803$GNGGA,,,,,,,,,,,,,,*48
###2023-12-09 10:45:22.782750$GNGGA,,,,,,,,,,,,,,*48
###2023-12-09 10:45:22.982963$GNGGA,,,,,,,,,,,,,,*48
###2023-12-09 10:45:23.182379$GNGGA,,,,,,,,,,,,,,*48
###2023-12-09 10:45:23.382783$GNRMC,,,,,,,,,,,,*55
###2023-12-09 10:45:23.383709$GNGGA,,,,,,,,,,,,,,*48
###2023-12-09 10:45:23.384742$GPGSA,A,1,,,,,,,,,,,,,,,*1E
###2023-12-09 10:45:23.385864$GPGSV,1,1,0,,,,,,,,,,,,,,,,*49
###2023-12-09 10:45:23.386565$GNVTG,,,,,,,,,*60
###2023-12-09 10:45:23.387244$GNGST,,,,,,,,*49
###2023-12-09 10:45:23.387845$GNZDA,,,,,,*56
###2023-12-09 10:45:23.388471$GNEBP,,,,,,M*13
###2023-12-09 10:45:23.582690$GNGGA,,,,,,,,,,,,,,*48
###2023-12-09 10:45:23.781767$GNGGA,,,,,,,,,,,,,,*48
###2023-12-09 10:45:23.981569$GNGGA,,,,,,,,,,,,,,*48
###2023-12-09 10:45:24.181794$GNGGA,,,,,,,,,,,,,,*48
###2023-12-09 10:45:24.382673$GNRMC,,,,,,,,,,,,*55
###2023-12-09 10:45:24.383606$GNGGA,,,,,,,,,,,,,,*48
###2023-12-09 10:45:24.384653$GPGSA,A,1,,,,,,,,,,,,,,,*1E
###2023-12-09 10:45:24.385792$GPGSV,1,1,0,,,,,,,,,,,,,,,,*49
###2023-12-09 10:45:24.386507$GNVTG,,,,,,,,,*60
###2023-12-09 10:45:24.387202$GNGST,,,,,,,,*49
###2023-12-09 10:45:24.387821$GNZDA,,,,,,*56
###2023-12-09 10:45:24.388474$GNEBP,,,,,,M*13
###2023-12-09 10:45:24.582464$GNGGA,,,,,,,,,,,,,,*48
###2023-12-09 10:45:24.782360$GNGGA,,,,,,,,,,,,,,*48
###2023-12-09 10:45:24.981482$GNGGA,,,,,,,,,,,,,,*48
###2023-12-09 10:45:25.182181$GNGGA,,,,,,,,,,,,,,*48
###2023-12-09 10:45:25.382525$GNRMC,,,,,,,,,,,,*55
###2023-12-09 10:45:25.383455$GNGGA,,,,,,,,,,,,,,*48
###2023-12-09 10:45:25.384506$GPGSA,A,1,,,,,,,,,,,,,,,*1E
###2023-12-09 10:45:25.385651$GPGSV,1,1,0,,,,,,,,,,,,,,,,*49
###2023-12-09 10:45:25.386369$GNVTG,,,,,,,,,*60
###2023-12-09 10:45:25.387073$GNGST,,,,,,,,*49
###2023-12-09 10:45:25.387687$GNZDA,,,,,,*56
