###2023-12-09 10:59:18.430134$GPGSV,1,1,0,,,,,,,,,,,,,,,,*49
###2023-12-09 10:59:18.430886$GNVTG,,,,,,,,,*60
###2023-12-09 10:59:18.431561$GNGST,,,,,,,,*49
###2023-12-09 10:59:18.432161$GNZDA,,,,,,*56
###2023-12-09 10:59:18.432791$GNEBP,,,,,,M*13
###2023-12-09 10:59:18.626932$GNGGA,,,,,,,,,,,,,,*48
###2023-12-09 10:59:18.826963$GNGGA,,,,,,,,,,,,,,*48
###2023-12-09 10:59:19.026830$GNGGA,,,,,,,,,,,,,,*48
###2023-12-09 10:59:19.225869$GNGGA,,,,,,,,,,,,,,*48
###2023-12-09 10:59:19.437246$GNRMC,,,,,,,,,,,,*55
###2023-12-09 10:59:19.438166$GNGGA,,,,,,,,,,,,,,*48
###2023-12-09 10:59:19.439226$GPGSA,A,1,,,,,,,,,,,,,,,*1E
###2023-12-09 10:59:19.440350$GPGSV,1,1,0,,,,,,,,,,,,,,,,*49
###2023-12-09 10:59:19.441051$GNVTG,,,,,,,,,*60
###2023-12-09 10:59:19.441712$GNGST,,,,,,,,*49
###2023-12-09 10:59:19.442311$GNZDA,,,,,,*56
###2023-12-09 10:59:19.442953$GNEBP,,,,,,M*13
###2023-12-09 10:59:19.628257$GNGGA,,,,,,,,,,,,,,*48
###2023-12-09 10:59:19.828498$GNGGA,,,,,,,,,,,,,,*48
###2023-12-09 10:59:20.026601$GNGGA,,,,,,,,,,,,,,*48
###2023-12-09 10:59:20.225881$GNGGA,,,,,,,,,,,,,,*48
###2023-12-09 10:59:20.431336$GNRMC,,,,,,,,,,,,*55
###2023-12-09 10:59:20.432219$GNGGA,,,,,,,,,,,,,,*48
###2023-12-09 10:59:20.433238$GPGSA,A,1,,,,,,,,,,,,,,,*1E
###2023-12-09 10:59:20.434352$GPGSV,1,1,0,,,,,,,,,,,,,,,,*49
###2023-12-09 10:59:20.435061$GNVTG,,,,,,,,,*60
###2023-12-09 10:59:20.435721$GNGST,,,,,,,,*49
###2023-12-09 10:59:20.436317$GNZDA,,,,,,*56
###2023-12-09 10:59:20.436944$GNEBP,,,,,,M*13
###2023-12-09 10:59:20.627131$GNGGA,,,,,,,,,,,,,,*48
###2023-12-09 10:59:20.825941$GNGGA,,,,,,,,,,,,,,*48
###2023-12-09 10:59:21.026127$GNGGA,,,,,,,,,,,,,,*48
###2023-12-09 10:59:21.226049$GNGGA,,,,,,,,,,,,,,*48
###2023-12-09 10:59:21.430006$GNRMC,,,,,,,,,,,,*55
###2023-12-09 10:59:21.430925$GNGGA,,,,,,,,,,,,,,*48
###2023-12-09 10:59:21.431957$GPGSA,A,1,,,,,,,,,,,,,,,*1E
###2023-12-09 10:59:21.433082$GPGSV,1,1,0,,,,,,,,,,,,,,,,*49
###2023-12-09 10:59:21.433786$GNVTG,,,,,,,,,*60
###2023-12-09 10:59:21.434451$GNGST,,,,,,,,*49
###2023-12-09 10:59:21.435062$GNZDA,,,,,,*56
###2023-12-09 10:59:21.435697$GNEBP,,,,,,M*13
###2023-12-09 10:59:21.626833$GNGGA,,,,,,,,,,,,,,*48
###2023-12-09 10:59:21.826843$GNGGA,,,,,,,,,,,,,,*48
###2023-12-09 10:59:22.026802$GNGGA,,,,,,,,,,,,,,*48
###2023-12-09 10:59:22.228300$GNGGA,,,,,,,,,,,,,,*48
###2023-12-09 10:59:22.426137$GNRMC,,,,,,,,,,,,*55
###2023-12-09 10:59:22.427046$GNGGA,,,,,,,,,,,,,,*48
###2023-12-09 10:59:22.428076$GPGSA,A,1,,,,,,,,,,,,,,,*1E
###2023-12-09 10:59:22.429197$GPGSV,1,1,0,,,,,,,,,,,,,,,,*49
###2023-12-09 10:59:22.429896$GNVTG,,,,,,,,,*60
###2023-12-09 10:59:22.430561$GNGST,,,,,,,,*49
###2023-12-09 10:59:22.431181$GNZDA,,,,,,*56
###2023-12-09 10:59:22.431813$GNEBP,,,,,,M*13
###2023-12-09 10:59:22.626989$GNGGA,,,,,,,,,,,,,,*48
###2023-12-09 10:59:22.827909$GNGGA,,,,,,,,,,,,,,*48
###2023-12-09 10:59:23.026906$GNGGA,,,,,,,,,,,,,,*48
###2023-12-09 10:59:23.226908$GNGGA,,,,,,,,,,,,,,*48
###2023-12-09 10:59:23.427611$GNRMC,,,,,,,,,,,,*55
###2023-12-09 10:59:23.428486$GNGGA,,,,,,,,,,,,,,*48
###2023-12-09 10:59:23.429510$GPGSA,A,1,,,,,,,,,,,,,,,*1E
###2023-12-09 10:59:23.430630$GPGSV,1,1,0,,,,,,,,,,,,,,,,*49
###2023-12-09 10:59:23.431341$GNVTG,,,,,,,,,*60
###2023-12-09 10:59:23.432009$GNGST,,,,,,,,*49
###2023-12-09 10:59:23.432609$GNZDA,,,,,,*56
###2023-12-09 10:59:23.433240$GNEBP,,,,,,M*13
###2023-12-09 10:59:23.627083$GNGGA,,,,,,,,,,,,,,*48
###2023-12-09 10:59:23.827956$GNGGA,,,,,,,,,,,,,,*48
###2023-12-09 10:59:24.030815$GNGGA,,,,,,,,,,,,,,*48
###2023-12-09 10:59:24.226614$GNGGA,,,,,,,,,,,,,,*48
###2023-12-09 10:59:24.432127$GNRMC,,,,,,,,,,,,*55
###2023-12-09 10:59:24.433009$GNGGA,,,,,,,,,,,,,,*48
###2023-12-09 10:59:24.434035$GPGSA,A,1,,,,,,,,,,,,,,,*1E
###2023-12-09 10:59:24.435193$GPGSV,1,1,0,,,,,,,,,,,,,,,,*49
###2023-12-09 10:59:24.435896$GNVTG,,,,,,,,,*60
###2023-12-09 10:59:24.436561$GNGST,,,,,,,,*49
###2023-12-09 10:59:24.437162$GNZDA,,,,,,*56
###2023-12-09 10:59:24.437795$GNEBP,,,,,,M*13
###2023-12-09 10:59:24.628276$GNGGA,,,,,,,,,,,,,,*48
###2023-12-09 10:59:24.827008$GNGGA,,,,,,,,,,,,,,*48
###2023-12-09 10:59:25.028866$GNGGA,,,,,,,,,,,,,,*48
###2023-12-09 10:59:25.229771$GNGGA,,,,,,,,,,,,,,*48
###2023-12-09 10:59:25.426173$GNRMC,,,,,,,,,,,,*55
###2023-12-09 10:59:25.427082$GNGGA,,,,,,,,,,,,,,*48
###2023-12-09 10:59:25.428113$GPGSA,A,1,,,,,,,,,,,,,,,*1E
###2023-12-09 10:59:25.429231$GPGSV,1,1,0,,,,,,,,,,,,,,,,*49
###2023-12-09 10:59:25.429931$GNVTG,,,,,,,,,*60
###2023-12-09 10:59:25.430592$GNGST,,,,,,,,*49
###2023-12-09 10:59:25.431199$GNZDA,,,,,,*56
###2023-12-09 10:59:25.431829$GNEBP,,,,,,M*13
###2023-12-09 10:59:25.628123$GNGGA,,,,,,,,,,,,,,*48
###2023-12-09 10:59:25.826925$GNGGA,,,,,,,,,,,,,,*48
###2023-12-09 10:59:26.026910$GNGGA,,,,,,,,,,,,,,*48
###2023-12-09 10:59:26.224859$GNGGA,,,,,,,,,,,,,,*48
###2023-12-09 10:59:26.426496$GNRMC,,,,,,,,,,,,*55
###2023-12-09 10:59:26.427397$GNGGA,,,,,,,,,,,,,,*48
###2023-12-09 10:59:26.428422$GPGSA,A,1,,,,,,,,,,,,,,,*1E
###2023-12-09 10:59:26.429541$GPGSV,1,1,0,,,,,,,,,,,,,,,,*49
###2023-12-09 10:59:26.430240$GNVTG,,,,,,,,,*60
###2023-12-09 10:59:26.430922$GNGST,,,,,,,,*49
###2023-12-09 10:59:26.431522$GNZDA,,,,,,*56
