###2023-12-09 10:43:20.413435$GNEBP,,,,,,M*13
###2023-12-09 10:43:20.605891$GNGGA,,,,,,,,,,,,,,*48
###2023-12-09 10:43:20.805703$GNGGA,,,,,,,,,,,,,,*48
###2023-12-09 10:43:21.005101$GNGGA,,,,,,,,,,,,,,*48
###2023-12-09 10:43:21.205432$GNGGA,,,,,,,,,,,,,,*48
###2023-12-09 10:43:21.405744$GNRMC,,,,,,,,,,,,*55
###2023-12-09 10:43:21.406827$GNGGA,,,,,,,,,,,,,,*48
###2023-12-09 10:43:21.408050$GPGSA,A,1,,,,,,,,,,,,,,,*1E
###2023-12-09 10:43:21.409342$GPGSV,1,1,0,,,,,,,,,,,,,,,,*49
###2023-12-09 10:43:21.410213$GNVTG,,,,,,,,,*60
###2023-12-09 10:43:21.411070$GNGST,,,,,,,,*49
###2023-12-09 10:43:21.411837$GNZDA,,,,,,*56
###2023-12-09 10:43:21.412625$GNEBP,,,,,,M*13
###2023-12-09 10:43:21.605540$GNGGA,,,,,,,,,,,,,,*48
###2023-12-09 10:43:21.805504$GNGGA,,,,,,,,,,,,,,*48
###2023-12-09 10:43:22.004454$GNGGA,,,,,,,,,,,,,,*48
###2023-12-09 10:43:22.206568$GNGGA,,,,,,,,,,,,,,*48
###2023-12-09 10:43:22.405527$GNRMC,,,,,,,,,,,,*55
###2023-12-09 10:43:22.406613$GNGGA,,,,,,,,,,,,,,*48
###2023-12-09 10:43:22.407820$GPGSA,A,1,,,,,,,,,,,,,,,*1E
###2023-12-09 10:43:22.409108$GPGSV,1,1,0,,,,,,,,,,,,,,,,*49
###2023-12-09 10:43:22.409992$GNVTG,,,,,,,,,*60
###2023-12-09 10:43:22.410821$GNGST,,,,,,,,*49
###2023-12-09 10:43:22.411600$GNZDA,,,,,,*56
###2023-12-09 10:43:22.412405$GNEBP,,,,,,M*13
###2023-12-09 10:43:22.607889$GNGGA,,,,,,,,,,,,,,*48
###2023-12-09 10:43:22.805213$GNGGA,,,,,,,,,,,,,,*48
###2023-12-09 10:43:23.004321$GNGGA,,,,,,,,,,,,,,*48
###2023-12-09 10:43:23.204929$GNGGA,,,,,,,,,,,,,,*48
###2023-12-09 10:43:23.405444$GNRMC,,,,,,,,,,,,*55
###2023-12-09 10:43:23.406540$GNGGA,,,,,,,,,,,,,,*48
###2023-12-09 10:43:23.407613$GPGSA,A,1,,,,,,,,,,,,,,,*1E
###2023-12-09 10:43:23.408749$GPGSV,1,1,0,,,,,,,,,,,,,,,,*49
###2023-12-09 10:43:23.409464$GNVTG,,,,,,,,,*60
###2023-12-09 10:43:23.410141$GNGST,,,,,,,,*49
###2023-12-09 10:43:23.410754$GNZDA,,,,,,*56
###2023-12-09 10:43:23.411408$GNEBP,,,,,,M*13
###2023-12-09 10:43:23.605273$GNGGA,,,,,,,,,,,,,,*48
###2023-12-09 10:43:23.805145$GNGGA,,,,,,,,,,,,,,*48
###2023-12-09 10:43:24.004203$GNGGA,,,,,,,,,,,,,,*48
###2023-12-09 10:43:24.204385$GNGGA,,,,,,,,,,,,,,*48
###2023-12-09 10:43:24.405623$GNRMC,,,,,,,,,,,,*55
###2023-12-09 10:43:24.406698$GNGGA,,,,,,,,,,,,,,*48
###2023-12-09 10:43:24.407918$GPGSA,A,1,,,,,,,,,,,,,,,*1E
###2023-12-09 10:43:24.409213$GPGSV,1,1,0,,,,,,,,,,,,,,,,*49
###2023-12-09 10:43:24.410085$GNVTG,,,,,,,,,*60
###2023-12-09 10:43:24.410948$GNGST,,,,,,,,*49
###2023-12-09 10:43:24.411715$GNZDA,,,,,,*56
###2023-12-09 10:43:24.412495$GNEBP,,,,,,M*13
###2023-12-09 10:43:24.605146$GNGGA,,,,,,,,,,,,,,*48
###2023-12-09 10:43:24.805210$GNGGA,,,,,,,,,,,,,,*48
###2023-12-09 10:43:25.018055$GNGGA,,,,,,,,,,,,,,*48
###2023-12-09 10:43:25.204254$GNGGA,,,,,,,,,,,,,,*48
###2023-12-09 10:43:25.405633$GNRMC,,,,,,,,,,,,*55
###2023-12-09 10:43:25.406746$GNGGA,,,,,,,,,,,,,,*48
###2023-12-09 10:43:25.407969$GPGSA,A,1,,,,,,,,,,,,,,,*1E
###2023-12-09 10:43:25.409259$GPGSV,1,1,0,,,,,,,,,,,,,,,,*49
###2023-12-09 10:43:25.410153$GNVTG,,,,,,,,,*60
###2023-12-09 10:43:25.411005$GNGST,,,,,,,,*49
###2023-12-09 10:43:25.411630$GNZDA,,,,,,*56
###2023-12-09 10:43:25.412282$GNEBP,,,,,,M*13
###2023-12-09 10:43:25.607214$GNGGA,,,,,,,,,,,,,,*48
###2023-12-09 10:43:25.809223$GNGGA,,,,,,,,,,,,,,*48
###2023-12-09 10:43:26.030666$GNGGA,,,,,,,,,,,,,,*48
###2023-12-09 10:43:26.206096$GNGGA,,,,,,,,,,,,,,*48
###2023-12-09 10:43:26.407510$GNRMC,,,,,,,,,,,,*55
###2023-12-09 10:43:26.408611$GNGGA,,,,,,,,,,,,,,*48
###2023-12-09 10:43:26.409819$GPGSA,A,1,,,,,,,,,,,,,,,*1E
###2023-12-09 10:43:26.411132$GPGSV,1,1,0,,,,,,,,,,,,,,,,*49
###2023-12-09 10:43:26.412015$GNVTG,,,,,,,,,*60
###2023-12-09 10:43:26.412845$GNGST,,,,,,,,*49
###2023-12-09 10:43:26.413475$GNZDA,,,,,,*56
###2023-12-09 10:43:26.414129$GNEBP,,,,,,M*13
###2023-12-09 10:43:26.607109$GNGGA,,,,,,,,,,,,,,*48
###2023-12-09 10:43:26.805901$GNGGA,,,,,,,,,,,,,,*48
###2023-12-09 10:43:27.007389$GNGGA,,,,,,,,,,,,,,*48
###2023-12-09 10:43:27.212579$GNGGA,,,,,,,,,,,,,,*48
###2023-12-09 10:43:27.407341$GNRMC,,,,,,,,,,,,*55
###2023-12-09 10:43:27.408438$GNGGA,,,,,,,,,,,,,,*48
###2023-12-09 10:43:27.409488$GPGSA,A,1,,,,,,,,,,,,,,,*1E
###2023-12-09 10:43:27.410630$GPGSV,1,1,0,,,,,,,,,,,,,,,,*49
###2023-12-09 10:43:27.411374$GNVTG,,,,,,,,,*60
###2023-12-09 10:43:27.412059$GNGST,,,,,,,,*49
###2023-12-09 10:43:27.412672$GNZDA,,,,,,*56
###2023-12-09 10:43:27.413317$GNEBP,,,,,,M*13
###2023-12-09 10:43:27.606975$GNGGA,,,,,,,,,,,,,,*48
###2023-12-09 10:43:27.814318$GNGGA,,,,,,,,,,,,,,*48
###2023-12-09 10:43:28.005840$GNGGA,,,,,,,,,,,,,,*48
###2023-12-09 10:43:28.208049$GNGGA,,,,,,,,,,,,,,*48
###2023-12-09 10:43:28.409472$GNRMC,,,,,,,,,,,,*55
###2023-12-09 10:43:28.410387$GNGGA,,,,,,,,,,,,,,*48
###2023-12-09 10:43:28.411467$GPGSA,A,1,,,,,,,,,,,,,,,*1E
###2023-12-09 10:43:28.412604$GPGSV,1,1,0,,,,,,,,,,,,,,,,*49
###2023-12-09 10:43:28.413319$GNVTG,,,,,,,,,*60
###2023-12-09 10:43:28.413997$GNGST,,,,,,,,*49
###2023-12-09 10:43:28.414609$GNZDA,,,,,,*56
###2023-12-09 10:43:28.415266$GNEBP,,,,,,M*13
###2023-12-09 10:43:28.605879$GNGGA,,,,,,,,,,,,,,*48
###2023-12-09 10:43:28.806962$GNGGA,,,,,,,,,,,,,,*48
###2023-12-09 10:43:29.011672$GNGGA,,,,,,,,,,,,,,*48
