###2023-12-09 10:58:20.225409$GNGGA,,,,,,,,,,,,,,*48
###2023-12-09 10:58:20.426369$GNRMC,,,,,,,,,,,,*55
###2023-12-09 10:58:20.427505$GNGGA,,,,,,,,,,,,,,*48
###2023-12-09 10:58:20.428554$GPGSA,A,1,,,,,,,,,,,,,,,*1E
###2023-12-09 10:58:20.429693$GPGSV,1,1,0,,,,,,,,,,,,,,,,*49
###2023-12-09 10:58:20.430416$GNVTG,,,,,,,,,*60
###2023-12-09 10:58:20.431113$GNGST,,,,,,,,*49
###2023-12-09 10:58:20.431728$GNZDA,,,,,,*56
###2023-12-09 10:58:20.432371$GNEBP,,,,,,M*13
###2023-12-09 10:58:20.626521$GNGGA,,,,,,,,,,,,,,*48
###2023-12-09 10:58:20.826477$GNGGA,,,,,,,,,,,,,,*48
###2023-12-09 10:58:21.028619$GNGGA,,,,,,,,,,,,,,*48
###2023-12-09 10:58:21.229273$GNGGA,,,,,,,,,,,,,,*48
###2023-12-09 10:58:21.429440$GNRMC,,,,,,,,,,,,*55
###2023-12-09 10:58:21.430540$GNGGA,,,,,,,,,,,,,,*48
###2023-12-09 10:58:21.431761$GPGSA,A,1,,,,,,,,,,,,,,,*1E
###2023-12-09 10:58:21.433084$GPGSV,1,1,0,,,,,,,,,,,,,,,,*49
###2023-12-09 10:58:21.433967$GNVTG,,,,,,,,,*60
###2023-12-09 10:58:21.434805$GNGST,,,,,,,,*49
###2023-12-09 10:58:21.435613$GNZDA,,,,,,*56
###2023-12-09 10:58:21.436418$GNEBP,,,,,,M*13
###2023-12-09 10:58:21.626537$GNGGA,,,,,,,,,,,,,,*48
###2023-12-09 10:58:21.826456$GNGGA,,,,,,,,,,,,,,*48
###2023-12-09 10:58:22.026333$GNGGA,,,,,,,,,,,,,,*48
###2023-12-09 10:58:22.225402$GNGGA,,,,,,,,,,,,,,*48
###2023-12-09 10:58:22.426171$GNRMC,,,,,,,,,,,,*55
###2023-12-09 10:58:22.427281$GNGGA,,,,,,,,,,,,,,*48
###2023-12-09 10:58:22.428335$GPGSA,A,1,,,,,,,,,,,,,,,*1E
###2023-12-09 10:58:22.429481$GPGSV,1,1,0,,,,,,,,,,,,,,,,*49
###2023-12-09 10:58:22.430196$GNVTG,,,,,,,,,*60
###2023-12-09 10:58:22.430886$GNGST,,,,,,,,*49
###2023-12-09 10:58:22.431500$GNZDA,,,,,,*56
###2023-12-09 10:58:22.432141$GNEBP,,,,,,M*13
###2023-12-09 10:58:22.627267$GNGGA,,,,,,,,,,,,,,*48
###2023-12-09 10:58:22.826828$GNGGA,,,,,,,,,,,,,,*48
###2023-12-09 10:58:23.034788$GNGGA,,,,,,,,,,,,,,*48
###2023-12-09 10:58:23.225318$GNGGA,,,,,,,,,,,,,,*48
###2023-12-09 10:58:23.426098$GNRMC,,,,,,,,,,,,*55
###2023-12-09 10:58:23.427267$GNGGA,,,,,,,,,,,,,,*48
###2023-12-09 10:58:23.428355$GPGSA,A,1,,,,,,,,,,,,,,,*1E
###2023-12-09 10:58:23.429730$GPGSV,1,1,0,,,,,,,,,,,,,,,,*49
###2023-12-09 10:58:23.430487$GNVTG,,,,,,,,,*60
###2023-12-09 10:58:23.431210$GNGST,,,,,,,,*49
###2023-12-09 10:58:23.431854$GNZDA,,,,,,*56
###2023-12-09 10:58:23.432525$GNEBP,,,,,,M*13
###2023-12-09 10:58:23.626675$GNGGA,,,,,,,,,,,,,,*48
###2023-12-09 10:58:23.826382$GNGGA,,,,,,,,,,,,,,*48
###2023-12-09 10:58:24.026293$GNGGA,,,,,,,,,,,,,,*48
###2023-12-09 10:58:24.226290$GNGGA,,,,,,,,,,,,,,*48
###2023-12-09 10:58:24.425404$GNRMC,,,,,,,,,,,,*55
###2023-12-09 10:58:24.426504$GNGGA,,,,,,,,,,,,,,*48
###2023-12-09 10:58:24.427591$GPGSA,A,1,,,,,,,,,,,,,,,*1E
###2023-12-09 10:58:24.428732$GPGSV,1,1,0,,,,,,,,,,,,,,,,*49
###2023-12-09 10:58:24.429454$GNVTG,,,,,,,,,*60
###2023-12-09 10:58:24.430140$GNGST,,,,,,,,*49
###2023-12-09 10:58:24.430750$GNZDA,,,,,,*56
###2023-12-09 10:58:24.431409$GNEBP,,,,,,M*13
###2023-12-09 10:58:24.626345$GNGGA,,,,,,,,,,,,,,*48
###2023-12-09 10:58:24.826417$GNGGA,,,,,,,,,,,,,,*48
###2023-12-09 10:58:25.026354$GNGGA,,,,,,,,,,,,,,*48
###2023-12-09 10:58:25.226571$GNGGA,,,,,,,,,,,,,,*48
###2023-12-09 10:58:25.427692$GNRMC,,,,,,,,,,,,*55
###2023-12-09 10:58:25.428789$GNGGA,,,,,,,,,,,,,,*48
###2023-12-09 10:58:25.429993$GPGSA,A,1,,,,,,,,,,,,,,,*1E
###2023-12-09 10:58:25.431312$GPGSV,1,1,0,,,,,,,,,,,,,,,,*49
###2023-12-09 10:58:25.432195$GNVTG,,,,,,,,,*60
###2023-12-09 10:58:25.432884$GNGST,,,,,,,,*49
###2023-12-09 10:58:25.433503$GNZDA,,,,,,*56
###2023-12-09 10:58:25.434150$GNEBP,,,,,,M*13
###2023-12-09 10:58:25.627756$GNGGA,,,,,,,,,,,,,,*48
###2023-12-09 10:58:25.827578$GNGGA,,,,,,,,,,,,,,*48
###2023-12-09 10:58:26.026692$GNGGA,,,,,,,,,,,,,,*48
###2023-12-09 10:58:26.226534$GNGGA,,,,,,,,,,,,,,*48
###2023-12-09 10:58:26.427604$GNRMC,,,,,,,,,,,,*55
###2023-12-09 10:58:26.428671$GNGGA,,,,,,,,,,,,,,*48
###2023-12-09 10:58:26.429721$GPGSA,A,1,,,,,,,,,,,,,,,*1E
###2023-12-09 10:58:26.430871$GPGSV,1,1,0,,,,,,,,,,,,,,,,*49
###2023-12-09 10:58:26.431590$GNVTG,,,,,,,,,*60
###2023-12-09 10:58:26.432269$GNGST,,,,,,,,*49
###2023-12-09 10:58:26.432884$GNZDA,,,,,,*56
###2023-12-09 10:58:26.433527$GNEBP,,,,,,M*13
###2023-12-09 10:58:26.627084$GNGGA,,,,,,,,,,,,,,*48
###2023-12-09 10:58:26.826361$GNGGA,,,,,,,,,,,,,,*48
###2023-12-09 10:58:27.027241$GNGGA,,,,,,,,,,,,,,*48
###2023-12-09 10:58:27.242365$GNGGA,,,,,,,,,,,,,,*48
###2023-12-09 10:58:27.427282$GNRMC,,,,,,,,,,,,*55
###2023-12-09 10:58:27.428381$GNGGA,,,,,,,,,,,,,,*48
###2023-12-09 10:58:27.429428$GPGSA,A,1,,,,,,,,,,,,,,,*1E
###2023-12-09 10:58:27.430560$GPGSV,1,1,0,,,,,,,,,,,,,,,,*49
###2023-12-09 10:58:27.431293$GNVTG,,,,,,,,,*60
###2023-12-09 10:58:27.431971$GNGST,,,,,,,,*49
###2023-12-09 10:58:27.432580$GNZDA,,,,,,*56
###2023-12-09 10:58:27.433232$GNEBP,,,,,,M*13
###2023-12-09 10:58:27.626502$GNGGA,,,,,,,,,,,,,,*48
###2023-12-09 10:58:27.829542$GNGGA,,,,,,,,,,,,,,*48
###2023-12-09 10:58:28.029347$GNGGA,,,,,,,,,,,,,,*48
###2023-12-09 10:58:28.227385$GNGGA,,,,,,,,,,,,,,*48
###2023-12-09 10:58:28.427873$GNRMC,,,,,,,,,,,,*55
###2023-12-09 10:58:28.428793$GNGGA,,,,,,,,,,,,,,*48
###2023-12-09 10:58:28.429848$GPGSA,A,1,,,,,,,,,,,,,,,*1E
