###2023-12-09 10:40:25.333724$GNEBP,,,,,,M*13
###2023-12-09 10:40:25.526289$GNGGA,,,,,,,,,,,,,,*48
###2023-12-09 10:40:25.726197$GNGGA,,,,,,,,,,,,,,*48
###2023-12-09 10:40:25.925919$GNGGA,,,,,,,,,,,,,,*48
###2023-12-09 10:40:26.125868$GNGGA,,,,,,,,,,,,,,*48
###2023-12-09 10:40:26.326384$GNRMC,,,,,,,,,,,,*55
###2023-12-09 10:40:26.327534$GNGGA,,,,,,,,,,,,,,*48
###2023-12-09 10:40:26.328594$GPGSA,A,1,,,,,,,,,,,,,,,*1E
###2023-12-09 10:40:26.329740$GPGSV,1,1,0,,,,,,,,,,,,,,,,*49
###2023-12-09 10:40:26.330459$GNVTG,,,,,,,,,*60
###2023-12-09 10:40:26.331150$GNGST,,,,,,,,*49
###2023-12-09 10:40:26.331755$GNZDA,,,,,,*56
###2023-12-09 10:40:26.332391$GNEBP,,,,,,M*13
###2023-12-09 10:40:26.526362$GNGGA,,,,,,,,,,,,,,*48
###2023-12-09 10:40:26.728153$GNGGA,,,,,,,,,,,,,,*48
###2023-12-09 10:40:26.925294$GNGGA,,,,,,,,,,,,,,*48
###2023-12-09 10:40:27.129905$GNGGA,,,,,,,,,,,,,,*48
###2023-12-09 10:40:27.326377$GNRMC,,,,,,,,,,,,*55
###2023-12-09 10:40:27.327435$GNGGA,,,,,,,,,,,,,,*48
###2023-12-09 10:40:27.328584$GPGSA,A,1,,,,,,,,,,,,,,,*1E
###2023-12-09 10:40:27.329813$GPGSV,1,1,0,,,,,,,,,,,,,,,,*49
###2023-12-09 10:40:27.330631$GNVTG,,,,,,,,,*60
###2023-12-09 10:40:27.331413$GNGST,,,,,,,,*49
###2023-12-09 10:40:27.332117$GNZDA,,,,,,*56
###2023-12-09 10:40:27.332850$GNEBP,,,,,,M*13
###2023-12-09 10:40:27.526338$GNGGA,,,,,,,,,,,,,,*48
###2023-12-09 10:40:27.729049$GNGGA,,,,,,,,,,,,,,*48
###2023-12-09 10:40:27.925492$GNGGA,,,,,,,,,,,,,,*48
###2023-12-09 10:40:28.126066$GNGGA,,,,,,,,,,,,,,*48
###2023-12-09 10:40:28.326626$GNRMC,,,,,,,,,,,,*55
###2023-12-09 10:40:28.328068$GNGGA,,,,,,,,,,,,,,*48
###2023-12-09 10:40:28.329559$GPGSA,A,1,,,,,,,,,,,,,,,*1E
###2023-12-09 10:40:28.331176$GPGSV,1,1,0,,,,,,,,,,,,,,,,*49
###2023-12-09 10:40:28.332185$GNVTG,,,,,,,,,*60
###2023-12-09 10:40:28.333130$GNGST,,,,,,,,*49
###2023-12-09 10:40:28.333985$GNZDA,,,,,,*56
###2023-12-09 10:40:28.334898$GNEBP,,,,,,M*13
###2023-12-09 10:40:28.526613$GNGGA,,,,,,,,,,,,,,*48
###2023-12-09 10:40:28.726264$GNGGA,,,,,,,,,,,,,,*48
###2023-12-09 10:40:28.925333$GNGGA,,,,,,,,,,,,,,*48
###2023-12-09 10:40:29.127636$GNGGA,,,,,,,,,,,,,,*48
###2023-12-09 10:40:29.326385$GNRMC,,,,,,,,,,,,*55
###2023-12-09 10:40:29.327472$GNGGA,,,,,,,,,,,,,,*48
###2023-12-09 10:40:29.328619$GPGSA,A,1,,,,,,,,,,,,,,,*1E
###2023-12-09 10:40:29.329851$GPGSV,1,1,0,,,,,,,,,,,,,,,,*49
###2023-12-09 10:40:29.330657$GNVTG,,,,,,,,,*60
###2023-12-09 10:40:29.331457$GNGST,,,,,,,,*49
###2023-12-09 10:40:29.332165$GNZDA,,,,,,*56
###2023-12-09 10:40:29.332894$GNEBP,,,,,,M*13
###2023-12-09 10:40:29.526202$GNGGA,,,,,,,,,,,,,,*48
###2023-12-09 10:40:29.726254$GNGGA,,,,,,,,,,,,,,*48
###2023-12-09 10:40:29.925310$GNGGA,,,,,,,,,,,,,,*48
###2023-12-09 10:40:30.125532$GNGGA,,,,,,,,,,,,,,*48
###2023-12-09 10:40:30.326904$GNRMC,,,,,,,,,,,,*55
###2023-12-09 10:40:30.327823$GNGGA,,,,,,,,,,,,,,*48
###2023-12-09 10:40:30.328874$GPGSA,A,1,,,,,,,,,,,,,,,*1E
###2023-12-09 10:40:30.330006$GPGSV,1,1,0,,,,,,,,,,,,,,,,*49
###2023-12-09 10:40:30.330717$GNVTG,,,,,,,,,*60
###2023-12-09 10:40:30.331406$GNGST,,,,,,,,*49
###2023-12-09 10:40:30.332015$GNZDA,,,,,,*56
###2023-12-09 10:40:30.332653$GNEBP,,,,,,M*13
###2023-12-09 10:40:30.526234$GNGGA,,,,,,,,,,,,,,*48
###2023-12-09 10:40:30.726411$GNGGA,,,,,,,,,,,,,,*48
###2023-12-09 10:40:30.925503$GNGGA,,,,,,,,,,,,,,*48
###2023-12-09 10:40:31.131027$GNGGA,,,,,,,,,,,,,,*48
###2023-12-09 10:40:31.326440$GNRMC,,,,,,,,,,,,*55
###2023-12-09 10:40:31.327399$GNGGA,,,,,,,,,,,,,,*48
###2023-12-09 10:40:31.328450$GPGSA,A,1,,,,,,,,,,,,,,,*1E
###2023-12-09 10:40:31.329586$GPGSV,1,1,0,,,,,,,,,,,,,,,,*49
###2023-12-09 10:40:31.330314$GNVTG,,,,,,,,,*60
###2023-12-09 10:40:31.331017$GNGST,,,,,,,,*49
###2023-12-09 10:40:31.331625$GNZDA,,,,,,*56
###2023-12-09 10:40:31.332269$GNEBP,,,,,,M*13
###2023-12-09 10:40:31.526268$GNGGA,,,,,,,,,,,,,,*48
###2023-12-09 10:40:31.727168$GNGGA,,,,,,,,,,,,,,*48
###2023-12-09 10:40:31.926301$GNGGA,,,,,,,,,,,,,,*48
###2023-12-09 10:40:32.128745$GNGGA,,,,,,,,,,,,,,*48
###2023-12-09 10:40:32.326621$GNRMC,,,,,,,,,,,,*55
###2023-12-09 10:40:32.327565$GNGGA,,,,,,,,,,,,,,*48
###2023-12-09 10:40:32.328623$GPGSA,A,1,,,,,,,,,,,,,,,*1E
###2023-12-09 10:40:32.329766$GPGSV,1,1,0,,,,,,,,,,,,,,,,*49
###2023-12-09 10:40:32.330480$GNVTG,,,,,,,,,*60
###2023-12-09 10:40:32.331173$GNGST,,,,,,,,*49
###2023-12-09 10:40:32.331782$GNZDA,,,,,,*56
###2023-12-09 10:40:32.332419$GNEBP,,,,,,M*13
###2023-12-09 10:40:32.526376$GNGGA,,,,,,,,,,,,,,*48
###2023-12-09 10:40:32.726268$GNGGA,,,,,,,,,,,,,,*48
###2023-12-09 10:40:32.925324$GNGGA,,,,,,,,,,,,,,*48
###2023-12-09 10:40:33.125945$GNGGA,,,,,,,,,,,,,,*48
###2023-12-09 10:40:33.326437$GNRMC,,,,,,,,,,,,*55
###2023-12-09 10:40:33.327397$GNGGA,,,,,,,,,,,,,,*48
###2023-12-09 10:40:33.328460$GPGSA,A,1,,,,,,,,,,,,,,,*1E
###2023-12-09 10:40:33.329607$GPGSV,1,1,0,,,,,,,,,,,,,,,,*49
###2023-12-09 10:40:33.330325$GNVTG,,,,,,,,,*60
###2023-12-09 10:40:33.331022$GNGST,,,,,,,,*49
###2023-12-09 10:40:33.331628$GNZDA,,,,,,*56
###2023-12-09 10:40:33.332263$GNEBP,,,,,,M*13
###2023-12-09 10:40:33.526463$GNGGA,,,,,,,,,,,,,,*48
###2023-12-09 10:40:33.726339$GNGGA,,,,,,,,,,,,,,*48
###2023-12-09 10:40:33.925472$GNGGA,,,,,,,,,,,,,,*48
