###2023-12-09 10:46:15.398288$GNEBP,,,,,,M*13
###2023-12-09 10:46:15.591767$GNGGA,,,,,,,,,,,,,,*48
###2023-12-09 10:46:15.793120$GNGGA,,,,,,,,,,,,,,*48
###2023-12-09 10:46:15.990871$GNGGA,,,,,,,,,,,,,,*48
###2023-12-09 10:46:16.193663$GNGGA,,,,,,,,,,,,,,*48
###2023-12-09 10:46:16.391988$GNRMC,,,,,,,,,,,,*55
###2023-12-09 10:46:16.393091$GNGGA,,,,,,,,,,,,,,*48
###2023-12-09 10:46:16.394154$GPGSA,A,1,,,,,,,,,,,,,,,*1E
###2023-12-09 10:46:16.395329$GPGSV,1,1,0,,,,,,,,,,,,,,,,*49
###2023-12-09 10:46:16.396053$GNVTG,,,,,,,,,*60
###2023-12-09 10:46:16.396740$GNGST,,,,,,,,*49
###2023-12-09 10:46:16.397357$GNZDA,,,,,,*56
###2023-12-09 10:46:16.398005$GNEBP,,,,,,M*13
###2023-12-09 10:46:16.591927$GNGGA,,,,,,,,,,,,,,*48
###2023-12-09 10:46:16.791857$GNGGA,,,,,,,,,,,,,,*48
###2023-12-09 10:46:16.990999$GNGGA,,,,,,,,,,,,,,*48
###2023-12-09 10:46:17.191522$GNGGA,,,,,,,,,,,,,,*48
###2023-12-09 10:46:17.392030$GNRMC,,,,,,,,,,,,*55
###2023-12-09 10:46:17.393166$GNGGA,,,,,,,,,,,,,,*48
###2023-12-09 10:46:17.394226$GPGSA,A,1,,,,,,,,,,,,,,,*1E
###2023-12-09 10:46:17.395395$GPGSV,1,1,0,,,,,,,,,,,,,,,,*49
###2023-12-09 10:46:17.396119$GNVTG,,,,,,,,,*60
###2023-12-09 10:46:17.396804$GNGST,,,,,,,,*49
###2023-12-09 10:46:17.397420$GNZDA,,,,,,*56
###2023-12-09 10:46:17.398070$GNEBP,,,,,,M*13
###2023-12-09 10:46:17.592910$GNGGA,,,,,,,,,,,,,,*48
###2023-12-09 10:46:17.791927$GNGGA,,,,,,,,,,,,,,*48
###2023-12-09 10:46:17.991696$GNGGA,,,,,,,,,,,,,,*48
###2023-12-09 10:46:18.191628$GNGGA,,,,,,,,,,,,,,*48
###2023-12-09 10:46:18.392461$GNRMC,,,,,,,,,,,,*55
###2023-12-09 10:46:18.393555$GNGGA,,,,,,,,,,,,,,*48
###2023-12-09 10:46:18.394763$GPGSA,A,1,,,,,,,,,,,,,,,*1E
###2023-12-09 10:46:18.396103$GPGSV,1,1,0,,,,,,,,,,,,,,,,*49
###2023-12-09 10:46:18.396989$GNVTG,,,,,,,,,*60
###2023-12-09 10:46:18.397830$GNGST,,,,,,,,*49
###2023-12-09 10:46:18.398592$GNZDA,,,,,,*56
###2023-12-09 10:46:18.399395$GNEBP,,,,,,M*13
###2023-12-09 10:46:18.591967$GNGGA,,,,,,,,,,,,,,*48
###2023-12-09 10:46:18.791920$GNGGA,,,,,,,,,,,,,,*48
###2023-12-09 10:46:18.991004$GNGGA,,,,,,,,,,,,,,*48
###2023-12-09 10:46:19.192181$GNGGA,,,,,,,,,,,,,,*48
###2023-12-09 10:46:19.393201$GNRMC,,,,,,,,,,,,*55
###2023-12-09 10:46:19.394298$GNGGA,,,,,,,,,,,,,,*48
###2023-12-09 10:46:19.395523$GPGSA,A,1,,,,,,,,,,,,,,,*1E
###2023-12-09 10:46:19.396825$GPGSV,1,1,0,,,,,,,,,,,,,,,,*49
###2023-12-09 10:46:19.397558$GNVTG,,,,,,,,,*60
###2023-12-09 10:46:19.398253$GNGST,,,,,,,,*49
###2023-12-09 10:46:19.398894$GNZDA,,,,,,*56
###2023-12-09 10:46:19.399548$GNEBP,,,,,,M*13
###2023-12-09 10:46:19.592111$GNGGA,,,,,,,,,,,,,,*48
###2023-12-09 10:46:19.793029$GNGGA,,,,,,,,,,,,,,*48
###2023-12-09 10:46:19.992060$GNGGA,,,,,,,,,,,,,,*48
###2023-12-09 10:46:20.192269$GNGGA,,,,,,,,,,,,,,*48
###2023-12-09 10:46:20.393322$GNRMC,,,,,,,,,,,,*55
###2023-12-09 10:46:20.394444$GNGGA,,,,,,,,,,,,,,*48
###2023-12-09 10:46:20.395674$GPGSA,A,1,,,,,,,,,,,,,,,*1E
###2023-12-09 10:46:20.396977$GPGSV,1,1,0,,,,,,,,,,,,,,,,*49
###2023-12-09 10:46:20.397856$GNVTG,,,,,,,,,*60
###2023-12-09 10:46:20.398677$GNGST,,,,,,,,*49
###2023-12-09 10:46:20.399447$GNZDA,,,,,,*56
###2023-12-09 10:46:20.400244$GNEBP,,,,,,M*13
###2023-12-09 10:46:20.593161$GNGGA,,,,,,,,,,,,,,*48
###2023-12-09 10:46:20.792995$GNGGA,,,,,,,,,,,,,,*48
###2023-12-09 10:46:20.992450$GNGGA,,,,,,,,,,,,,,*48
###2023-12-09 10:46:21.193046$GNGGA,,,,,,,,,,,,,,*48
###2023-12-09 10:46:21.392131$GNRMC,,,,,,,,,,,,*55
###2023-12-09 10:46:21.393216$GNGGA,,,,,,,,,,,,,,*48
###2023-12-09 10:46:21.394417$GPGSA,A,1,,,,,,,,,,,,,,,*1E
###2023-12-09 10:46:21.395743$GPGSV,1,1,0,,,,,,,,,,,,,,,,*49
###2023-12-09 10:46:21.396609$GNVTG,,,,,,,,,*60
###2023-12-09 10:46:21.397429$GNGST,,,,,,,,*49
###2023-12-09 10:46:21.398185$GNZDA,,,,,,*56
###2023-12-09 10:46:21.398981$GNEBP,,,,,,M*13
###2023-12-09 10:46:21.593100$GNGGA,,,,,,,,,,,,,,*48
###2023-12-09 10:46:21.796427$GNGGA,,,,,,,,,,,,,,*48
###2023-12-09 10:46:21.993461$GNGGA,,,,,,,,,,,,,,*48
###2023-12-09 10:46:22.192252$GNGGA,,,,,,,,,,,,,,*48
###2023-12-09 10:46:22.393436$GNRMC,,,,,,,,,,,,*55
###2023-12-09 10:46:22.394356$GNGGA,,,,,,,,,,,,,,*48
###2023-12-09 10:46:22.395438$GPGSA,A,1,,,,,,,,,,,,,,,*1E
###2023-12-09 10:46:22.396586$GPGSV,1,1,0,,,,,,,,,,,,,,,,*49
###2023-12-09 10:46:22.397311$GNVTG,,,,,,,,,*60
###2023-12-09 10:46:22.397994$GNGST,,,,,,,,*49
###2023-12-09 10:46:22.398611$GNZDA,,,,,,*56
###2023-12-09 10:46:22.399281$GNEBP,,,,,,M*13
###2023-12-09 10:46:22.593143$GNGGA,,,,,,,,,,,,,,*48
###2023-12-09 10:46:22.793281$GNGGA,,,,,,,,,,,,,,*48
###2023-12-09 10:46:22.992101$GNGGA,,,,,,,,,,,,,,*48
###2023-12-09 10:46:23.194703$GNGGA,,,,,,,,,,,,,,*48
###2023-12-09 10:46:23.393139$GNRMC,,,,,,,,,,,,*55
###2023-12-09 10:46:23.394257$GNGGA,,,,,,,,,,,,,,*48
###2023-12-09 10:46:23.395340$GPGSA,A,1,,,,,,,,,,,,,,,*1E
###2023-12-09 10:46:23.396485$GPGSV,1,1,0,,,,,,,,,,,,,,,,*49
###2023-12-09 10:46:23.397204$GNVTG,,,,,,,,,*60
###2023-12-09 10:46:23.397889$GNGST,,,,,,,,*49
###2023-12-09 10:46:23.398516$GNZDA,,,,,,*56
###2023-12-09 10:46:23.399188$GNEBP,,,,,,M*13
###2023-12-09 10:46:23.593130$GNGGA,,,,,,,,,,,,,,*48
###2023-12-09 10:46:23.793186$GNGGA,,,,,,,,,,,,,,*48
###2023-12-09 10:46:23.992190$GNGGA,,,,,,,,,,,,,,*48
